
0 9999
0 9267
0 5790
0 5738
0 1281
0 814
0 227
0 47
0 34
0 20
0 14
0 5
1 5
1 3
1 2
7 14
7 13
7 11
8 11
9 11
16 20
17 20
17 18
22 34
22 33
24 33
24 27
24 25
29 33
29 32
30 32
31 32
36 47
38 47
38 42
40 42
44 47
44 45
49 227
49 95
49 75
49 58
49 50
52 58
53 58
55 58
55 56
60 75
60 68
60 64
62 64
62 63
66 68
70 75
72 75
72 74
73 74
77 95
79 95
79 90
79 80
82 90
82 83
85 90
87 90
89 90
92 95
92 93
97 227
97 103
97 99
97 98
101 103
102 103
105 227
105 193
107 193
107 172
107 126
107 109
111 126
111 113
112 113
115 126
115 116
118 126
118 124
118 120
122 124
122 123
128 172
130 172
130 132
130 131
134 172
134 171
134 140
134 138
134 136
142 171
142 149
144 149
146 149
146 148
151 171
151 157
151 153
152 153
155 157
159 171
159 161
159 160
163 171
163 164
166 171
167 171
168 171
169 171
170 171
174 193
174 191
174 176
178 191
178 189
178 188
178 182
180 182
180 181
184 188
184 185
187 188
195 227
195 215
195 206
195 204
195 199
195 196
198 199
201 204
201 202
208 215
209 215
209 213
211 213
217 227
218 227
218 223
218 222
218 221
218 220
219 220
225 227
225 226
229 814
229 763
229 278
230 278
230 234
230 233
230 232
230 231
236 278
236 256
236 250
237 250
237 246
239 246
239 242
239 241
239 240
244 246
248 250
248 249
252 256
254 256
258 278
258 259
261 278
261 267
262 267
262 266
262 264
262 263
269 278
269 275
269 273
269 270
272 273
277 278
280 763
280 533
280 312
280 298
280 295
280 284
280 282
280 281
286 295
286 289
286 288
287 288
291 295
291 294
291 293
292 293
297 298
300 312
300 309
300 302
300 301
304 309
304 305
307 309
307 308
311 312
314 533
314 318
315 318
317 318
320 533
320 322
320 321
324 533
324 470
324 422
324 374
324 342
324 325
327 342
327 339
327 335
327 333
327 328
330 333
330 332
330 331
337 339
337 338
341 342
344 374
344 361
345 361
345 352
347 352
347 349
347 348
351 352
354 361
354 360
354 356
358 360
363 374
363 367
363 364
366 367
369 374
369 373
371 373
372 373
376 422
376 405
376 396
376 385
376 382
376 378
376 377
380 382
384 385
387 396
387 391
388 391
389 391
389 390
393 396
394 396
395 396
398 405
398 403
398 401
398 400
407 422
407 417
407 413
407 408
410 413
410 412
411 412
415 417
416 417
419 422
419 421
419 420
424 470
424 460
424 444
424 437
424 433
425 433
425 426
428 433
430 433
430 432
430 431
435 437
435 436
439 444
439 441
439 440
443 444
446 460
446 452
448 452
448 449
451 452
454 460
454 459
456 459
456 458
456 457
462 470
463 470
463 464
466 470
466 467
469 470
472 533
472 505
472 498
472 483
472 482
473 482
473 476
473 474
478 482
478 480
485 498
485 486
488 498
488 490
488 489
492 498
493 498
495 498
495 497
500 505
500 504
500 502
500 501
507 533
507 523
507 519
507 514
507 513
508 513
510 513
510 511
516 519
517 519
521 523
525 533
527 533
527 528
530 533
532 533
535 763
535 747
535 604
535 541
536 541
536 539
538 539
543 604
543 593
543 571
545 571
545 556
545 550
545 548
545 546
552 556
554 556
554 555
558 571
558 568
558 559
561 568
561 562
564 568
564 565
567 568
570 571
573 593
573 584
575 584
575 577
576 577
579 584
579 582
581 582
586 593
586 592
586 590
586 587
589 590
595 604
596 604
598 604
599 604
599 600
602 604
603 604
606 747
606 735
606 680
606 618
606 607
609 618
609 617
609 613
610 613
611 613
612 613
615 617
615 616
620 680
620 671
620 625
620 623
620 622
627 671
627 646
627 634
627 630
628 630
629 630
632 634
632 633
636 646
636 637
639 646
639 642
639 641
640 641
644 646
648 671
648 656
650 656
650 651
653 656
655 656
658 671
658 666
658 663
658 662
659 662
659 660
665 666
668 671
669 671
673 680
674 680
675 680
675 678
675 677
675 676
682 735
682 700
682 695
682 688
682 685
682 683
687 688
690 695
690 692
691 692
694 695
697 700
698 700
699 700
702 735
702 732
703 732
703 716
703 707
703 705
709 716
709 712
710 712
710 711
714 716
714 715
718 732
719 732
720 732
722 732
722 728
722 725
724 725
727 728
730 732
730 731
734 735
737 747
737 743
737 741
738 741
740 741
745 747
745 746
749 763
749 761
749 752
750 752
751 752
754 761
754 756
755 756
758 761
759 761
760 761
765 814
767 814
767 773
767 772
768 772
769 772
769 770
775 814
775 799
777 799
777 798
779 798
779 794
779 780
782 794
782 786
783 786
783 785
788 794
788 789
791 794
792 794
796 798
797 798
801 814
801 809
802 809
803 809
804 809
805 809
805 807
811 814
813 814
816 1281
816 931
816 894
816 872
816 835
816 824
816 822
817 822
817 820
817 819
826 835
826 832
826 829
826 827
831 832
834 835
837 872
837 845
837 840
838 840
839 840
842 845
844 845
847 872
847 867
847 850
847 848
852 867
852 854
856 867
856 857
859 867
859 862
859 861
860 861
864 867
865 867
865 866
869 872
869 871
869 870
874 894
876 894
876 893
876 888
876 886
876 884
876 882
876 878
880 882
881 882
890 893
890 892
896 931
896 901
897 901
899 901
900 901
903 931
903 925
903 921
903 920
903 904
906 920
906 910
907 910
907 909
908 909
912 920
912 918
912 913
915 918
915 917
915 916
923 925
927 931
929 931
929 930
933 1281
933 1134
934 1134
934 1004
934 946
934 945
934 943
934 940
936 940
938 940
942 943
948 1004
948 982
948 979
948 962
948 953
950 953
951 953
951 952
955 962
955 957
956 957
959 962
960 962
960 961
964 979
964 974
964 971
964 970
964 968
964 965
967 968
973 974
976 979
977 979
978 979
981 982
984 1004
984 986
985 986
988 1004
988 992
990 992
991 992
994 1004
994 997
994 995
999 1004
999 1003
999 1002
999 1001
1006 1134
1006 1012
1006 1011
1006 1009
1006 1008
1007 1008
1014 1134
1014 1091
1014 1053
1014 1016
1015 1016
1018 1053
1018 1019
1021 1053
1022 1053
1022 1039
1022 1024
1026 1039
1028 1039
1028 1034
1028 1030
1032 1034
1032 1033
1036 1039
1036 1038
1041 1053
1041 1045
1043 1045
1044 1045
1047 1053
1047 1048
1050 1053
1052 1053
1055 1091
1055 1061
1055 1060
1055 1057
1059 1060
1063 1091
1063 1065
1067 1091
1067 1075
1067 1072
1067 1069
1068 1069
1071 1072
1074 1075
1077 1091
1077 1081
1078 1081
1078 1079
1083 1091
1084 1091
1084 1086
1085 1086
1088 1091
1088 1090
1093 1134
1093 1124
1093 1107
1094 1107
1094 1100
1094 1099
1094 1098
1094 1097
1096 1097
1102 1107
1104 1107
1104 1105
1109 1124
1109 1117
1110 1117
1110 1113
1112 1113
1115 1117
1115 1116
1119 1124
1120 1124
1121 1124
1121 1122
1126 1134
1126 1127
1129 1134
1129 1133
1129 1130
1132 1133
1136 1281
1136 1180
1136 1177
1136 1143
1136 1142
1138 1142
1138 1140
1138 1139
1145 1177
1145 1147
1149 1177
1149 1166
1151 1166
1151 1161
1152 1161
1152 1155
1152 1153
1157 1161
1159 1161
1159 1160
1163 1166
1164 1166
1164 1165
1168 1177
1168 1170
1172 1177
1172 1173
1175 1177
1179 1180
1182 1281
1182 1200
1182 1194
1182 1190
1182 1187
1183 1187
1184 1187
1185 1187
1186 1187
1189 1190
1192 1194
1196 1200
1196 1198
1197 1198
1202 1281
1202 1242
1202 1227
1202 1204
1202 1203
1206 1227
1206 1212
1207 1212
1207 1209
1211 1212
1214 1227
1214 1218
1216 1218
1217 1218
1220 1227
1220 1222
1221 1222
1224 1227
1226 1227
1229 1242
1231 1242
1231 1234
1231 1233
1232 1233
1236 1242
1236 1237
1239 1242
1240 1242
1244 1281
1244 1256
1244 1253
1246 1253
1246 1248
1247 1248
1250 1253
1250 1251
1255 1256
1258 1281
1258 1268
1258 1266
1258 1259
1261 1266
1261 1264
1261 1262
1270 1281
1270 1280
1272 1280
1272 1279
1273 1279
1273 1275
1274 1275
1277 1279
1278 1279
1283 5738
1283 2869
1283 2337
1283 1438
1283 1330
1283 1292
1283 1291
1283 1289
1285 1289
1286 1289
1288 1289
1294 1330
1294 1319
1294 1298
1294 1296
1294 1295
1300 1319
1300 1307
1300 1301
1303 1307
1303 1305
1304 1305
1309 1319
1309 1312
1311 1312
1314 1319
1314 1316
1315 1316
1318 1319
1321 1330
1321 1327
1321 1326
1322 1326
1323 1326
1324 1326
1325 1326
1329 1330
1332 1438
1332 1425
1332 1354
1332 1346
1332 1341
1332 1335
1334 1335
1337 1341
1339 1341
1339 1340
1343 1346
1343 1345
1344 1345
1348 1354
1348 1349
1351 1354
1352 1354
1352 1353
1356 1425
1356 1395
1356 1387
1356 1378
1356 1371
1356 1359
1357 1359
1361 1371
1363 1371
1363 1364
1366 1371
1366 1369
1366 1367
1373 1378
1373 1376
1373 1374
1380 1387
1382 1387
1383 1387
1383 1385
1389 1395
1389 1392
1391 1392
1394 1395
1397 1425
1397 1398
1400 1425
1400 1401
1403 1425
1403 1420
1403 1413
1403 1407
1403 1406
1403 1404
1409 1413
1411 1413
1415 1420
1415 1418
1415 1416
1422 1425
1424 1425
1427 1438
1427 1432
1427 1430
1429 1430
1434 1438
1436 1438
1437 1438
1440 2337
1440 2200
1440 1559
1440 1470
1440 1466
1441 1466
1441 1445
1443 1445
1447 1466
1447 1463
1447 1452
1447 1450
1447 1449
1448 1449
1454 1463
1454 1460
1454 1457
1454 1455
1459 1460
1462 1463
1465 1466
1468 1470
1472 1559
1472 1552
1472 1543
1472 1535
1472 1527
1472 1488
1472 1474
1473 1474
1476 1488
1476 1482
1476 1479
1476 1478
1477 1478
1481 1482
1484 1488
1484 1485
1487 1488
1490 1527
1490 1516
1490 1491
1493 1516
1493 1497
1494 1497
1494 1496
1499 1516
1499 1505
1499 1503
1501 1503
1507 1516
1507 1510
1507 1508
1512 1516
1512 1514
1513 1514
1518 1527
1519 1527
1519 1523
1519 1522
1519 1520
1525 1527
1526 1527
1529 1535
1529 1534
1529 1531
1529 1530
1533 1534
1537 1543
1539 1543
1541 1543
1545 1552
1545 1549
1547 1549
1551 1552
1554 1559
1554 1555
1557 1559
1558 1559
1561 2200
1561 1913
1561 1618
1561 1578
1561 1570
1561 1566
1561 1563
1565 1566
1568 1570
1572 1578
1573 1578
1574 1578
1574 1575
1577 1578
1580 1618
1580 1594
1580 1582
1581 1582
1584 1594
1585 1594
1586 1594
1586 1593
1587 1593
1587 1588
1590 1593
1592 1593
1596 1618
1596 1605
1596 1600
1596 1599
1596 1597
1602 1605
1602 1603
1607 1618
1607 1610
1607 1608
1612 1618
1614 1618
1616 1618
1616 1617
1620 1913
1620 1877
1620 1831
1620 1700
1620 1631
1621 1631
1621 1627
1622 1627
1622 1626
1622 1625
1623 1625
1624 1625
1629 1631
1630 1631
1633 1700
1633 1660
1633 1636
1633 1635
1633 1634
1638 1660
1638 1648
1638 1639
1641 1648
1641 1645
1643 1645
1644 1645
1647 1648
1650 1660
1650 1656
1651 1656
1653 1656
1654 1656
1655 1656
1658 1660
1658 1659
1662 1700
1662 1670
1663 1670
1663 1664
1666 1670
1667 1670
1668 1670
1672 1700
1672 1686
1672 1677
1672 1674
1672 1673
1676 1677
1679 1686
1679 1684
1680 1684
1682 1684
1688 1700
1688 1698
1690 1698
1692 1698
1692 1694
1696 1698
1696 1697
1702 1831
1702 1770
1702 1705
1702 1704
1703 1704
1707 1770
1707 1759
1707 1709
1711 1759
1711 1743
1711 1718
1711 1717
1712 1717
1712 1716
1712 1713
1715 1716
1720 1743
1720 1738
1720 1728
1722 1728
1722 1725
1723 1725
1727 1728
1730 1738
1730 1732
1731 1732
1734 1738
1736 1738
1737 1738
1740 1743
1742 1743
1745 1759
1745 1751
1746 1751
1748 1751
1748 1750
1753 1759
1753 1757
1753 1755
1761 1770
1761 1763
1765 1770
1765 1766
1768 1770
1768 1769
1772 1831
1772 1798
1772 1787
1773 1787
1774 1787
1774 1778
1774 1776
1775 1776
1780 1787
1780 1783
1780 1781
1785 1787
1785 1786
1789 1798
1789 1792
1789 1791
1794 1798
1796 1798
1797 1798
1800 1831
1800 1821
1800 1807
1800 1806
1800 1802
1804 1806
1804 1805
1809 1821
1809 1812
1811 1812
1814 1821
1816 1821
1818 1821
1818 1819
1823 1831
1823 1827
1823 1825
1824 1825
1829 1831
1833 1877
1833 1854
1833 1841
1833 1834
1836 1841
1836 1840
1836 1837
1839 1840
1843 1854
1843 1853
1843 1846
1843 1845
1848 1853
1849 1853
1850 1853
1851 1853
1851 1852
1856 1877
1857 1877
1859 1877
1859 1875
1859 1868
1859 1862
1861 1862
1864 1868
1866 1868
1870 1875
1870 1872
1871 1872
1874 1875
1879 1913
1879 1881
1880 1881
1883 1913
1885 1913
1885 1887
1886 1887
1889 1913
1889 1910
1890 1910
1890 1892
1891 1892
1894 1910
1894 1902
1894 1900
1895 1900
1895 1899
1897 1899
1898 1899
1904 1910
1904 1907
1905 1907
1905 1906
1909 1910
1912 1913
1915 2200
1915 2090
1915 1975
1915 1942
1915 1923
1915 1920
1916 1920
1916 1917
1919 1920
1922 1923
1925 1942
1925 1937
1925 1927
1926 1927
1929 1937
1931 1937
1931 1936
1931 1934
1933 1934
1939 1942
1940 1942
1940 1941
1944 1975
1944 1961
1944 1951
1944 1947
1944 1946
1944 1945
1949 1951
1950 1951
1953 1961
1953 1959
1954 1959
1954 1957
1956 1957
1963 1975
1965 1975
1965 1974
1966 1974
1968 1974
1968 1970
1972 1974
1973 1974
1977 2090
1977 2032
1977 2011
1977 2004
1977 1996
1977 1989
1977 1979
1977 1978
1981 1989
1981 1982
1984 1989
1984 1985
1987 1989
1987 1988
1991 1996
1991 1993
1995 1996
1998 2004
1999 2004
2001 2004
2001 2003
2002 2003
2006 2011
2006 2009
2006 2007
2013 2032
2013 2021
2013 2019
2014 2019
2014 2018
2016 2018
2016 2017
2023 2032
2025 2032
2025 2029
2027 2029
2027 2028
2031 2032
2034 2090
2034 2044
2034 2042
2034 2041
2034 2040
2036 2040
2037 2040
2038 2040
2038 2039
2046 2090
2047 2090
2047 2058
2047 2049
2048 2049
2051 2058
2051 2052
2054 2058
2055 2058
2055 2057
2056 2057
2060 2090
2060 2069
2060 2061
2063 2069
2063 2066
2063 2064
2068 2069
2071 2090
2071 2073
2071 2072
2075 2090
2075 2079
2075 2076
2078 2079
2081 2090
2081 2089
2083 2089
2083 2087
2083 2085
2092 2200
2092 2098
2094 2098
2094 2095
2097 2098
2100 2200
2100 2130
2100 2104
2100 2103
2102 2103
2106 2130
2106 2113
2108 2113
2109 2113
2110 2113
2110 2112
2111 2112
2115 2130
2115 2129
2115 2117
2116 2117
2119 2129
2119 2122
2121 2122
2124 2129
2124 2125
2127 2129
2127 2128
2132 2200
2132 2139
2132 2138
2132 2133
2135 2138
2136 2138
2137 2138
2141 2200
2141 2160
2141 2148
2141 2145
2143 2145
2143 2144
2147 2148
2150 2160
2150 2156
2150 2152
2150 2151
2154 2156
2154 2155
2158 2160
2158 2159
2162 2200
2162 2195
2162 2186
2162 2180
2162 2178
2164 2178
2164 2172
2166 2172
2166 2168
2167 2168
2170 2172
2174 2178
2174 2177
2176 2177
2182 2186
2182 2183
2185 2186
2188 2195
2188 2194
2188 2190
2188 2189
2192 2194
2193 2194
2197 2200
2197 2199
2197 2198
2202 2337
2202 2255
2202 2235
2202 2232
2202 2207
2202 2204
2203 2204
2206 2207
2209 2232
2210 2232
2210 2231
2210 2223
2210 2212
2211 2212
2214 2223
2214 2217
2214 2216
2215 2216
2219 2223
2219 2222
2221 2222
2225 2231
2225 2229
2225 2228
2225 2226
2234 2235
2237 2255
2237 2241
2237 2239
2237 2238
2243 2255
2243 2245
2247 2255
2248 2255
2248 2252
2248 2250
2249 2250
2254 2255
2257 2337
2257 2319
2257 2307
2257 2263
2258 2263
2258 2260
2259 2260
2262 2263
2265 2307
2265 2277
2265 2270
2266 2270
2267 2270
2268 2270
2268 2269
2272 2277
2272 2276
2274 2276
2274 2275
2279 2307
2280 2307
2280 2301
2282 2301
2282 2289
2282 2285
2283 2285
2283 2284
2287 2289
2287 2288
2291 2301
2291 2296
2291 2293
2291 2292
2295 2296
2298 2301
2300 2301
2303 2307
2303 2306
2304 2306
2304 2305
2309 2319
2309 2311
2309 2310
2313 2319
2314 2319
2316 2319
2316 2318
2317 2318
2321 2337
2321 2328
2321 2326
2321 2325
2321 2323
2322 2323
2330 2337
2330 2335
2330 2334
2330 2333
2330 2331
2339 2869
2339 2765
2339 2623
2339 2495
2339 2357
2339 2355
2339 2348
2339 2342
2341 2342
2344 2348
2345 2348
2345 2346
2350 2355
2350 2351
2353 2355
2354 2355
2359 2495
2359 2378
2359 2370
2360 2370
2360 2369
2360 2364
2360 2363
2360 2362
2366 2369
2366 2367
2372 2378
2373 2378
2373 2375
2377 2378
2380 2495
2380 2442
2380 2415
2380 2382
2381 2382
2384 2415
2384 2391
2384 2390
2384 2385
2387 2390
2387 2388
2393 2415
2393 2414
2395 2414
2395 2398
2395 2396
2400 2414
2400 2402
2401 2402
2404 2414
2404 2410
2404 2408
2404 2405
2407 2408
2412 2414
2413 2414
2417 2442
2417 2421
2418 2421
2418 2420
2418 2419
2423 2442
2423 2430
2424 2430
2424 2428
2424 2426
2424 2425
2432 2442
2432 2440
2433 2440
2435 2440
2436 2440
2438 2440
2438 2439
2444 2495
2444 2448
2444 2445
2447 2448
2450 2495
2450 2494
2450 2452
2451 2452
2454 2494
2454 2486
2454 2464
2456 2464
2456 2457
2459 2464
2461 2464
2463 2464
2466 2486
2466 2475
2466 2470
2466 2467
2469 2470
2472 2475
2474 2475
2477 2486
2477 2482
2477 2479
2481 2482
2484 2486
2485 2486
2488 2494
2488 2490
2488 2489
2492 2494
2492 2493
2497 2623
2497 2545
2497 2506
2497 2502
2497 2500
2499 2500
2504 2506
2508 2545
2508 2528
2508 2526
2509 2526
2509 2523
2509 2515
2510 2515
2511 2515
2511 2512
2514 2515
2517 2523
2517 2522
2519 2522
2520 2522
2521 2522
2525 2526
2530 2545
2531 2545
2531 2543
2531 2542
2531 2534
2533 2534
2536 2542
2536 2537
2539 2542
2540 2542
2541 2542
2547 2623
2547 2577
2547 2559
2547 2550
2547 2549
2548 2549
2552 2559
2552 2555
2552 2553
2557 2559
2557 2558
2561 2577
2561 2568
2562 2568
2562 2567
2562 2566
2562 2564
2562 2563
2570 2577
2570 2574
2572 2574
2572 2573
2576 2577
2579 2623
2581 2623
2581 2583
2581 2582
2585 2623
2585 2616
2585 2603
2585 2593
2585 2586
2588 2593
2588 2591
2590 2591
2595 2603
2595 2598
2596 2598
2600 2603
2601 2603
2605 2616
2606 2616
2606 2607
2609 2616
2609 2614
2611 2614
2612 2614
2618 2623
2618 2619
2621 2623
2621 2622
2625 2765
2625 2689
2625 2671
2625 2665
2625 2638
2625 2637
2625 2626
2628 2637
2630 2637
2632 2637
2632 2636
2633 2636
2633 2634
2640 2665
2640 2651
2640 2642
2641 2642
2644 2651
2644 2647
2645 2647
2645 2646
2649 2651
2650 2651
2653 2665
2653 2656
2655 2656
2658 2665
2658 2660
2658 2659
2662 2665
2662 2663
2667 2671
2667 2669
2668 2669
2673 2689
2673 2678
2674 2678
2674 2675
2677 2678
2680 2689
2682 2689
2684 2689
2684 2687
2685 2687
2691 2765
2691 2755
2691 2701
2691 2698
2693 2698
2693 2695
2697 2698
2700 2701
2703 2755
2703 2749
2703 2728
2703 2712
2703 2705
2704 2705
2707 2712
2708 2712
2708 2711
2710 2711
2714 2728
2714 2722
2714 2719
2714 2715
2717 2719
2721 2722
2724 2728
2725 2728
2726 2728
2727 2728
2730 2749
2730 2735
2730 2734
2732 2734
2733 2734
2737 2749
2737 2746
2739 2746
2740 2746
2741 2746
2741 2745
2743 2745
2743 2744
2748 2749
2751 2755
2751 2753
2757 2765
2757 2762
2758 2762
2758 2760
2764 2765
2767 2869
2767 2856
2767 2796
2767 2772
2767 2770
2769 2770
2774 2796
2774 2785
2774 2783
2775 2783
2775 2780
2776 2780
2776 2778
2776 2777
2782 2783
2787 2796
2789 2796
2789 2792
2790 2792
2791 2792
2794 2796
2795 2796
2798 2856
2798 2815
2798 2813
2798 2805
2798 2804
2798 2802
2799 2802
2800 2802
2801 2802
2807 2813
2807 2808
2810 2813
2811 2813
2812 2813
2817 2856
2817 2855
2817 2821
2818 2821
2819 2821
2823 2855
2823 2850
2824 2850
2824 2833
2824 2830
2825 2830
2825 2827
2829 2830
2832 2833
2835 2850
2835 2840
2837 2840
2839 2840
2842 2850
2842 2848
2844 2848
2844 2845
2847 2848
2852 2855
2854 2855
2858 2869
2858 2867
2858 2859
2861 2867
2861 2862
2864 2867
2864 2865
2871 5738
2871 4082
2871 3780
2871 3572
2871 3005
2871 2940
2871 2888
2871 2878
2871 2874
2871 2872
2876 2878
2880 2888
2880 2883
2882 2883
2885 2888
2886 2888
2887 2888
2890 2940
2890 2904
2890 2892
2890 2891
2894 2904
2894 2898
2894 2896
2900 2904
2902 2904
2906 2940
2906 2914
2906 2910
2906 2908
2912 2914
2913 2914
2916 2940
2916 2921
2916 2918
2917 2918
2920 2921
2923 2940
2923 2939
2923 2927
2924 2927
2924 2926
2924 2925
2929 2939
2929 2935
2929 2933
2929 2931
2937 2939
2942 3005
2942 2984
2942 2979
2944 2979
2944 2954
2944 2945
2947 2954
2947 2948
2950 2954
2950 2952
2950 2951
2956 2979
2956 2976
2956 2966
2956 2964
2956 2959
2956 2957
2961 2964
2961 2962
2968 2976
2968 2974
2969 2974
2969 2971
2973 2974
2978 2979
2981 2984
2981 2983
2986 3005
2986 3002
2986 2996
2986 2990
2988 2990
2989 2990
2992 2996
2992 2995
2994 2995
2998 3002
2998 3001
3000 3001
3004 3005
3007 3572
3007 3189
3007 3068
3007 3029
3007 3009
3011 3029
3011 3013
3012 3013
3015 3029
3015 3028
3015 3025
3015 3019
3015 3017
3021 3025
3021 3022
3024 3025
3027 3028
3031 3068
3031 3060
3032 3060
3032 3045
3032 3036
3032 3034
3038 3045
3038 3044
3040 3044
3040 3042
3040 3041
3047 3060
3047 3056
3047 3052
3047 3049
3047 3048
3051 3052
3054 3056
3058 3060
3059 3060
3062 3068
3062 3067
3062 3066
3062 3065
3062 3063
3070 3189
3070 3139
3070 3109
3070 3090
3070 3072
3070 3071
3074 3090
3074 3087
3074 3077
3076 3077
3079 3087
3079 3080
3082 3087
3082 3083
3085 3087
3086 3087
3089 3090
3092 3109
3092 3106
3092 3100
3092 3096
3092 3094
3098 3100
3098 3099
3102 3106
3103 3106
3103 3105
3103 3104
3108 3109
3111 3139
3111 3112
3114 3139
3114 3125
3114 3123
3114 3117
3116 3117
3119 3123
3119 3121
3120 3121
3127 3139
3127 3129
3127 3128
3131 3139
3131 3135
3131 3132
3134 3135
3137 3139
3137 3138
3141 3189
3141 3170
3141 3164
3141 3160
3141 3155
3141 3151
3141 3150
3141 3143
3141 3142
3145 3150
3145 3147
3146 3147
3149 3150
3153 3155
3154 3155
3157 3160
3157 3159
3157 3158
3162 3164
3166 3170
3166 3169
3168 3169
3172 3189
3172 3188
3172 3178
3174 3178
3176 3178
3180 3188
3180 3183
3180 3182
3181 3182
3185 3188
3187 3188
3191 3572
3191 3530
3191 3316
3191 3240
3191 3213
3191 3207
3191 3192
3194 3207
3194 3202
3194 3198
3196 3198
3196 3197
3200 3202
3200 3201
3204 3207
3205 3207
3206 3207
3209 3213
3209 3212
3210 3212
3215 3240
3215 3226
3215 3216
3218 3226
3218 3219
3221 3226
3221 3222
3224 3226
3225 3226
3228 3240
3228 3234
3228 3233
3230 3233
3230 3231
3236 3240
3236 3239
3236 3238
3237 3238
3242 3316
3242 3296
3242 3262
3242 3253
3242 3250
3242 3249
3242 3246
3244 3246
3244 3245
3248 3249
3252 3253
3255 3262
3255 3256
3258 3262
3258 3260
3258 3259
3264 3296
3264 3283
3264 3276
3266 3276
3266 3271
3266 3270
3266 3269
3268 3269
3273 3276
3275 3276
3278 3283
3278 3280
3278 3279
3282 3283
3285 3296
3285 3292
3285 3291
3285 3289
3285 3286
3288 3289
3294 3296
3298 3316
3299 3316
3299 3302
3299 3300
3304 3316
3304 3307
3304 3306
3304 3305
3309 3316
3310 3316
3311 3316
3312 3316
3312 3315
3314 3315
3318 3530
3318 3365
3318 3319
3321 3365
3321 3340
3321 3329
3321 3323
3325 3329
3325 3326
3328 3329
3331 3340
3331 3337
3331 3335
3331 3334
3333 3334
3339 3340
3342 3365
3342 3351
3342 3348
3342 3347
3344 3347
3344 3346
3350 3351
3353 3365
3353 3357
3353 3356
3354 3356
3355 3356
3359 3365
3359 3364
3359 3361
3359 3360
3363 3364
3367 3530
3367 3381
3367 3375
3367 3368
3370 3375
3370 3371
3373 3375
3377 3381
3378 3381
3380 3381
3383 3530
3383 3434
3383 3422
3383 3384
3386 3422
3386 3389
3386 3387
3391 3422
3391 3414
3391 3394
3393 3394
3396 3414
3396 3398
3397 3398
3400 3414
3400 3411
3400 3407
3402 3407
3402 3405
3402 3404
3402 3403
3409 3411
3413 3414
3416 3422
3417 3422
3418 3422
3419 3422
3419 3420
3424 3434
3424 3433
3424 3429
3424 3427
3424 3425
3431 3433
3431 3432
3436 3530
3436 3491
3436 3454
3436 3440
3436 3438
3442 3454
3442 3449
3444 3449
3444 3448
3446 3448
3451 3454
3453 3454
3456 3491
3456 3473
3456 3463
3456 3458
3457 3458
3460 3463
3460 3462
3460 3461
3465 3473
3465 3471
3465 3469
3467 3469
3475 3491
3475 3484
3475 3483
3475 3477
3479 3483
3479 3480
3482 3483
3486 3491
3486 3489
3487 3489
3488 3489
3493 3530
3493 3500
3493 3498
3493 3497
3493 3494
3496 3497
3502 3530
3502 3509
3502 3504
3503 3504
3506 3509
3506 3508
3511 3530
3511 3526
3512 3526
3512 3514
3512 3513
3516 3526
3516 3520
3516 3519
3516 3518
3522 3526
3523 3526
3523 3524
3528 3530
3529 3530
3532 3572
3532 3556
3532 3541
3532 3533
3535 3541
3535 3536
3538 3541
3538 3540
3538 3539
3543 3556
3545 3556
3545 3551
3546 3551
3548 3551
3548 3549
3553 3556
3553 3554
3558 3572
3558 3562
3558 3561
3558 3559
3564 3572
3564 3570
3564 3567
3565 3567
3565 3566
3569 3570
3574 3780
3574 3715
3574 3607
3574 3589
3574 3576
3575 3576
3578 3589
3578 3584
3578 3583
3579 3583
3581 3583
3581 3582
3586 3589
3588 3589
3591 3607
3591 3593
3595 3607
3595 3603
3597 3603
3597 3601
3599 3601
3600 3601
3605 3607
3606 3607
3609 3715
3609 3670
3609 3636
3609 3635
3609 3616
3610 3616
3610 3614
3610 3613
3612 3613
3618 3635
3618 3630
3620 3630
3620 3628
3620 3621
3623 3628
3623 3624
3626 3628
3632 3635
3632 3634
3638 3670
3638 3667
3638 3658
3639 3658
3639 3646
3639 3640
3642 3646
3642 3643
3645 3646
3648 3658
3648 3652
3648 3649
3651 3652
3654 3658
3655 3658
3655 3657
3655 3656
3660 3667
3660 3661
3663 3667
3663 3664
3666 3667
3669 3670
3672 3715
3672 3694
3672 3676
3672 3673
3675 3676
3678 3694
3678 3688
3678 3680
3679 3680
3682 3688
3684 3688
3684 3685
3687 3688
3690 3694
3690 3691
3693 3694
3696 3715
3696 3714
3696 3703
3696 3700
3698 3700
3698 3699
3702 3703
3705 3714
3705 3713
3705 3706
3708 3713
3708 3711
3709 3711
3710 3711
3717 3780
3717 3726
3719 3726
3719 3725
3719 3722
3720 3722
3720 3721
3724 3725
3728 3780
3728 3734
3728 3730
3728 3729
3732 3734
3736 3780
3736 3749
3736 3737
3739 3749
3741 3749
3741 3748
3741 3745
3741 3742
3744 3745
3747 3748
3751 3780
3751 3757
3751 3755
3751 3752
3754 3755
3759 3780
3759 3773
3760 3773
3760 3762
3761 3762
3764 3773
3764 3769
3764 3766
3768 3769
3771 3773
3771 3772
3775 3780
3777 3780
3777 3779
3778 3779
3782 4082
3782 3834
3782 3818
3782 3814
3784 3814
3784 3800
3784 3793
3786 3793
3788 3793
3788 3790
3788 3789
3792 3793
3795 3800
3797 3800
3797 3798
3802 3814
3802 3811
3804 3811
3804 3805
3807 3811
3808 3811
3810 3811
3813 3814
3816 3818
3817 3818
3820 3834
3820 3821
3823 3834
3823 3824
3826 3834
3826 3829
3826 3827
3831 3834
3832 3834
3833 3834
3836 4082
3836 3841
3836 3837
3839 3841
3840 3841
3843 4082
3843 4031
3843 4030
3843 3992
3843 3900
3843 3865
3843 3849
3843 3845
3843 3844
3847 3849
3848 3849
3851 3865
3851 3853
3851 3852
3855 3865
3856 3865
3856 3863
3856 3859
3857 3859
3857 3858
3861 3863
3861 3862
3867 3900
3867 3877
3867 3876
3867 3875
3867 3870
3867 3869
3867 3868
3872 3875
3872 3873
3879 3900
3879 3891
3879 3889
3879 3880
3882 3889
3882 3883
3885 3889
3885 3886
3888 3889
3893 3900
3893 3894
3896 3900
3897 3900
3897 3899
3902 3992
3902 3915
3902 3910
3902 3904
3902 3903
3906 3910
3908 3910
3909 3910
3912 3915
3913 3915
3914 3915
3917 3992
3917 3931
3917 3923
3917 3918
3920 3923
3920 3921
3925 3931
3925 3930
3925 3928
3926 3928
3933 3992
3933 3986
3933 3941
3933 3936
3933 3935
3933 3934
3938 3941
3938 3940
3943 3986
3943 3985
3943 3980
3943 3951
3943 3945
3947 3951
3949 3951
3953 3980
3953 3964
3954 3964
3954 3960
3956 3960
3956 3957
3959 3960
3962 3964
3966 3980
3966 3971
3966 3968
3970 3971
3973 3980
3973 3977
3973 3974
3976 3977
3979 3980
3982 3985
3982 3983
3988 3992
3988 3991
3988 3990
3989 3990
3994 4030
3994 4004
3994 4002
3994 3998
3994 3997
3994 3995
4000 4002
4006 4030
4006 4029
4006 4026
4006 4014
4006 4007
4009 4014
4009 4013
4009 4010
4012 4013
4016 4026
4016 4019
4016 4018
4016 4017
4021 4026
4021 4024
4022 4024
4022 4023
4028 4029
4033 4082
4033 4070
4033 4067
4033 4052
4033 4040
4033 4036
4034 4036
4038 4040
4039 4040
4042 4052
4042 4051
4042 4046
4043 4046
4043 4045
4044 4045
4048 4051
4050 4051
4054 4067
4054 4055
4057 4067
4057 4065
4057 4064
4057 4063
4057 4062
4057 4058
4060 4062
4060 4061
4069 4070
4072 4082
4072 4077
4072 4076
4074 4076
4079 4082
4079 4081
4084 5738
4084 4536
4084 4127
4084 4097
4084 4095
4084 4088
4084 4087
4086 4087
4090 4095
4090 4092
4090 4091
4094 4095
4099 4127
4099 4123
4099 4121
4099 4103
4099 4100
4102 4103
4105 4121
4105 4118
4105 4114
4105 4109
4106 4109
4106 4108
4111 4114
4111 4113
4111 4112
4116 4118
4120 4121
4125 4127
4129 4536
4129 4489
4129 4435
4129 4242
4129 4163
4129 4147
4129 4145
4129 4141
4129 4131
4130 4131
4133 4141
4134 4141
4134 4139
4135 4139
4137 4139
4137 4138
4143 4145
4144 4145
4149 4163
4149 4153
4149 4150
4152 4153
4155 4163
4155 4159
4155 4156
4158 4159
4161 4163
4161 4162
4165 4242
4165 4205
4165 4203
4165 4174
4165 4168
4166 4168
4166 4167
4170 4174
4170 4172
4170 4171
4176 4203
4176 4201
4176 4178
4180 4201
4180 4181
4183 4201
4183 4184
4186 4201
4186 4195
4186 4191
4188 4191
4188 4190
4189 4190
4193 4195
4194 4195
4197 4201
4198 4201
4199 4201
4207 4242
4207 4218
4207 4214
4209 4214
4210 4214
4210 4212
4211 4212
4216 4218
4217 4218
4220 4242
4220 4225
4220 4223
4222 4223
4227 4242
4227 4237
4227 4233
4227 4232
4227 4229
4227 4228
4231 4232
4235 4237
4235 4236
4239 4242
4239 4241
4239 4240
4244 4435
4244 4330
4244 4300
4244 4255
4244 4251
4245 4251
4245 4246
4248 4251
4248 4249
4253 4255
4257 4300
4257 4288
4257 4285
4257 4262
4257 4259
4261 4262
4264 4285
4264 4276
4265 4276
4265 4275
4267 4275
4268 4275
4269 4275
4270 4275
4270 4273
4270 4271
4278 4285
4278 4279
4281 4285
4281 4283
4287 4288
4290 4300
4290 4295
4290 4294
4290 4292
4290 4291
4297 4300
4297 4298
4302 4330
4304 4330
4304 4314
4304 4310
4304 4307
4304 4306
4304 4305
4309 4310
4312 4314
4312 4313
4316 4330
4316 4329
4316 4326
4316 4320
4318 4320
4318 4319
4322 4326
4322 4325
4324 4325
4328 4329
4332 4435
4332 4353
4332 4336
4332 4334
4332 4333
4338 4353
4338 4344
4338 4342
4340 4342
4341 4342
4346 4353
4346 4348
4346 4347
4350 4353
4350 4351
4355 4435
4355 4364
4355 4358
4355 4357
4356 4357
4360 4364
4360 4362
4366 4435
4366 4429
4366 4408
4366 4369
4367 4369
4371 4408
4371 4382
4371 4373
4375 4382
4375 4379
4375 4378
4377 4378
4381 4382
4384 4408
4384 4404
4384 4399
4384 4396
4385 4396
4385 4392
4385 4388
4386 4388
4386 4387
4390 4392
4394 4396
4395 4396
4398 4399
4401 4404
4401 4403
4402 4403
4406 4408
4407 4408
4410 4429
4410 4419
4410 4418
4410 4412
4414 4418
4414 4416
4415 4416
4421 4429
4421 4422
4424 4429
4424 4426
4424 4425
4428 4429
4431 4435
4432 4435
4432 4433
4437 4489
4437 4482
4437 4476
4437 4466
4438 4466
4438 4460
4438 4452
4438 4450
4438 4442
4438 4440
4444 4450
4444 4445
4447 4450
4447 4448
4454 4460
4456 4460
4456 4459
4456 4458
4457 4458
4462 4466
4464 4466
4465 4466
4468 4476
4468 4470
4469 4470
4472 4476
4473 4476
4473 4474
4478 4482
4479 4482
4479 4480
4484 4489
4484 4486
4484 4485
4488 4489
4491 4536
4491 4502
4492 4502
4492 4497
4492 4494
4493 4494
4496 4497
4499 4502
4500 4502
4504 4536
4504 4527
4505 4527
4505 4522
4505 4511
4505 4507
4509 4511
4510 4511
4513 4522
4513 4518
4513 4517
4515 4517
4516 4517
4520 4522
4521 4522
4524 4527
4526 4527
4529 4536
4529 4531
4529 4530
4533 4536
4534 4536
4538 5738
4538 5178
4538 4709
4538 4638
4538 4614
4538 4576
4538 4562
4538 4553
4539 4553
4539 4549
4539 4548
4539 4544
4539 4542
4539 4541
4546 4548
4546 4547
4551 4553
4552 4553
4555 4562
4557 4562
4557 4558
4560 4562
4560 4561
4564 4576
4564 4566
4564 4565
4568 4576
4568 4571
4568 4570
4573 4576
4573 4575
4578 4614
4578 4579
4581 4614
4581 4587
4582 4587
4582 4586
4583 4586
4585 4586
4589 4614
4589 4603
4589 4592
4589 4591
4594 4603
4594 4602
4595 4602
4596 4602
4598 4602
4598 4600
4605 4614
4605 4607
4609 4614
4610 4614
4611 4614
4611 4612
4616 4638
4616 4629
4616 4622
4617 4622
4619 4622
4621 4622
4624 4629
4625 4629
4625 4628
4626 4628
4626 4627
4631 4638
4631 4634
4631 4633
4631 4632
4636 4638
4640 4709
4640 4708
4640 4694
4640 4660
4640 4651
4640 4641
4643 4651
4643 4650
4644 4650
4645 4650
4645 4646
4648 4650
4648 4649
4653 4660
4653 4658
4653 4654
4656 4658
4662 4694
4662 4690
4662 4665
4664 4665
4667 4690
4667 4676
4667 4673
4667 4672
4667 4670
4667 4669
4668 4669
4675 4676
4678 4690
4678 4686
4678 4680
4678 4679
4682 4686
4682 4683
4685 4686
4688 4690
4692 4694
4692 4693
4696 4708
4696 4702
4696 4697
4699 4702
4700 4702
4700 4701
4704 4708
4704 4707
4706 4707
4711 5178
4711 5145
4711 4769
4711 4766
4711 4715
4711 4714
4712 4714
4712 4713
4717 4766
4717 4735
4717 4733
4717 4728
4717 4719
4718 4719
4721 4728
4721 4725
4721 4724
4721 4723
4727 4728
4730 4733
4730 4731
4737 4766
4739 4766
4739 4758
4739 4750
4739 4749
4739 4746
4739 4741
4740 4741
4743 4746
4744 4746
4748 4749
4752 4758
4752 4757
4752 4755
4753 4755
4753 4754
4760 4766
4760 4764
4762 4764
4762 4763
4768 4769
4771 5145
4771 4998
4771 4846
4771 4834
4771 4809
4771 4788
4771 4779
4772 4779
4772 4778
4774 4778
4774 4777
4775 4777
4775 4776
4781 4788
4783 4788
4783 4784
4786 4788
4790 4809
4790 4806
4790 4805
4790 4803
4791 4803
4791 4793
4795 4803
4797 4803
4797 4802
4797 4799
4801 4802
4808 4809
4811 4834
4811 4826
4812 4826
4812 4825
4812 4823
4812 4820
4813 4820
4814 4820
4815 4820
4816 4820
4818 4820
4819 4820
4822 4823
4828 4834
4828 4829
4831 4834
4832 4834
4833 4834
4836 4846
4838 4846
4838 4841
4839 4841
4839 4840
4843 4846
4844 4846
4848 4998
4848 4898
4848 4881
4848 4852
4849 4852
4851 4852
4854 4881
4854 4873
4854 4857
4856 4857
4859 4873
4859 4868
4859 4861
4863 4868
4863 4867
4864 4867
4864 4865
4870 4873
4872 4873
4875 4881
4875 4878
4877 4878
4880 4881
4883 4898
4883 4887
4885 4887
4889 4898
4889 4896
4889 4893
4889 4891
4889 4890
4895 4896
4900 4998
4900 4908
4900 4904
4900 4903
4900 4901
4906 4908
4910 4998
4910 4971
4910 4948
4910 4925
4910 4918
4911 4918
4911 4915
4912 4915
4912 4914
4912 4913
4917 4918
4920 4925
4920 4922
4924 4925
4927 4948
4927 4933
4927 4931
4928 4931
4928 4930
4929 4930
4935 4948
4935 4944
4935 4938
4935 4936
4940 4944
4941 4944
4941 4943
4941 4942
4946 4948
4950 4971
4950 4962
4952 4962
4952 4957
4952 4956
4952 4953
4955 4956
4959 4962
4960 4962
4960 4961
4964 4971
4965 4971
4965 4967
4965 4966
4969 4971
4973 4998
4973 4974
4976 4998
4976 4993
4976 4986
4976 4978
4976 4977
4980 4986
4980 4985
4982 4985
4983 4985
4983 4984
4988 4993
4988 4991
4988 4989
4995 4998
4995 4996
5000 5145
5000 5055
5000 5051
5000 5038
5000 5014
5000 5012
5000 5005
5000 5001
5003 5005
5003 5004
5007 5012
5008 5012
5010 5012
5011 5012
5016 5038
5016 5026
5017 5026
5018 5026
5019 5026
5021 5026
5021 5022
5024 5026
5028 5038
5028 5031
5030 5031
5033 5038
5033 5037
5033 5034
5036 5037
5040 5051
5040 5049
5040 5041
5043 5049
5043 5044
5046 5049
5048 5049
5053 5055
5054 5055
5057 5145
5057 5114
5057 5065
5057 5062
5058 5062
5058 5060
5058 5059
5064 5065
5067 5114
5067 5073
5067 5070
5067 5069
5068 5069
5072 5073
5075 5114
5075 5095
5075 5093
5076 5093
5076 5088
5078 5088
5078 5083
5078 5080
5079 5080
5082 5083
5085 5088
5087 5088
5090 5093
5090 5092
5090 5091
5097 5114
5098 5114
5098 5099
5101 5114
5101 5108
5101 5106
5101 5104
5103 5104
5110 5114
5110 5112
5110 5111
5116 5145
5116 5137
5116 5122
5116 5117
5119 5122
5120 5122
5124 5137
5124 5134
5124 5127
5124 5126
5124 5125
5129 5134
5129 5133
5129 5131
5129 5130
5136 5137
5139 5145
5141 5145
5141 5143
5142 5143
5147 5178
5147 5169
5147 5162
5147 5151
5148 5151
5148 5150
5149 5150
5153 5162
5153 5160
5153 5158
5153 5157
5154 5157
5155 5157
5164 5169
5164 5167
5165 5167
5171 5178
5171 5172
5174 5178
5174 5176
5174 5175
5180 5738
5180 5423
5180 5184
5180 5182
5180 5181
5186 5423
5186 5204
5186 5191
5186 5190
5188 5190
5189 5190
5193 5204
5193 5199
5193 5194
5196 5199
5196 5197
5201 5204
5203 5204
5206 5423
5206 5299
5206 5212
5206 5209
5206 5207
5211 5212
5214 5299
5214 5263
5214 5220
5214 5218
5214 5215
5217 5218
5222 5263
5222 5251
5222 5245
5222 5240
5222 5239
5222 5233
5222 5223
5225 5233
5227 5233
5228 5233
5229 5233
5229 5231
5229 5230
5235 5239
5235 5237
5236 5237
5242 5245
5242 5244
5247 5251
5247 5249
5248 5249
5253 5263
5253 5261
5254 5261
5254 5257
5254 5255
5259 5261
5260 5261
5265 5299
5265 5287
5265 5278
5266 5278
5266 5267
5269 5278
5269 5274
5270 5274
5270 5271
5273 5274
5276 5278
5276 5277
5280 5287
5280 5281
5283 5287
5283 5284
5286 5287
5289 5299
5289 5297
5290 5297
5290 5295
5290 5292
5291 5292
5294 5295
5301 5423
5301 5329
5303 5329
5303 5324
5303 5318
5303 5316
5303 5309
5303 5306
5303 5305
5304 5305
5308 5309
5311 5316
5311 5312
5314 5316
5320 5324
5320 5321
5323 5324
5326 5329
5328 5329
5331 5423
5331 5420
5331 5379
5331 5343
5331 5337
5331 5333
5335 5337
5336 5337
5339 5343
5340 5343
5341 5343
5341 5342
5345 5379
5345 5357
5345 5354
5345 5346
5348 5354
5348 5351
5348 5350
5353 5354
5356 5357
5359 5379
5359 5374
5359 5367
5359 5361
5359 5360
5363 5367
5364 5367
5364 5366
5365 5366
5369 5374
5369 5372
5371 5372
5376 5379
5378 5379
5381 5420
5381 5386
5381 5384
5381 5383
5381 5382
5388 5420
5388 5409
5388 5393
5388 5389
5391 5393
5392 5393
5395 5409
5395 5404
5397 5404
5397 5402
5398 5402
5398 5399
5401 5402
5406 5409
5406 5407
5411 5420
5411 5418
5411 5412
5414 5418
5415 5418
5415 5416
5422 5423
5425 5738
5425 5620
5425 5518
5425 5463
5425 5460
5427 5460
5427 5454
5427 5430
5427 5429
5427 5428
5432 5454
5432 5443
5432 5437
5433 5437
5435 5437
5435 5436
5439 5443
5440 5443
5442 5443
5445 5454
5445 5447
5445 5446
5449 5454
5449 5452
5449 5450
5456 5460
5456 5459
5457 5459
5458 5459
5462 5463
5465 5518
5465 5512
5465 5493
5465 5472
5466 5472
5466 5471
5467 5471
5468 5471
5468 5470
5474 5493
5474 5489
5474 5482
5474 5478
5474 5477
5475 5477
5480 5482
5480 5481
5484 5489
5484 5488
5486 5488
5487 5488
5491 5493
5491 5492
5495 5512
5495 5497
5496 5497
5499 5512
5499 5509
5501 5509
5501 5503
5505 5509
5505 5506
5508 5509
5511 5512
5514 5518
5516 5518
5517 5518
5520 5620
5520 5608
5520 5590
5520 5571
5520 5536
5520 5531
5520 5528
5520 5523
5520 5521
5525 5528
5526 5528
5527 5528
5530 5531
5533 5536
5535 5536
5538 5571
5538 5554
5538 5544
5538 5541
5538 5539
5543 5544
5546 5554
5546 5548
5546 5547
5550 5554
5550 5551
5553 5554
5556 5571
5556 5559
5556 5558
5561 5571
5563 5571
5563 5569
5564 5569
5566 5569
5568 5569
5573 5590
5573 5578
5573 5576
5574 5576
5574 5575
5580 5590
5580 5588
5580 5586
5580 5583
5581 5583
5582 5583
5585 5586
5592 5608
5592 5599
5594 5599
5595 5599
5597 5599
5601 5608
5601 5606
5601 5603
5602 5603
5605 5606
5610 5620
5610 5617
5610 5612
5614 5617
5614 5615
5619 5620
5622 5738
5622 5661
5624 5661
5624 5638
5624 5629
5625 5629
5625 5626
5628 5629
5631 5638
5632 5638
5634 5638
5634 5637
5634 5635
5640 5661
5640 5643
5642 5643
5645 5661
5645 5655
5647 5655
5647 5653
5647 5651
5647 5648
5650 5651
5657 5661
5659 5661
5660 5661
5663 5738
5663 5721
5663 5683
5663 5680
5663 5670
5664 5670
5664 5668
5664 5665
5667 5668
5672 5680
5672 5673
5675 5680
5675 5677
5675 5676
5679 5680
5682 5683
5685 5721
5685 5689
5687 5689
5688 5689
5691 5721
5691 5705
5691 5704
5691 5698
5692 5698
5693 5698
5695 5698
5695 5697
5696 5697
5700 5704
5700 5701
5703 5704
5707 5721
5708 5721
5709 5721
5709 5711
5710 5711
5713 5721
5713 5717
5713 5714
5716 5717
5719 5721
5723 5738
5723 5726
5724 5726
5725 5726
5728 5738
5728 5734
5728 5731
5728 5730
5733 5734
5736 5738
5740 5790
5740 5765
5740 5753
5740 5746
5740 5742
5741 5742
5744 5746
5745 5746
5748 5753
5748 5750
5752 5753
5755 5765
5757 5765
5757 5762
5759 5762
5759 5761
5760 5761
5764 5765
5767 5790
5768 5790
5768 5779
5768 5771
5768 5769
5773 5779
5773 5777
5775 5777
5781 5790
5781 5783
5785 5790
5785 5789
5786 5789
5787 5789
5787 5788
5792 9267
5792 9189
5792 7264
5792 6065
5792 5828
5793 5828
5793 5801
5793 5799
5795 5799
5795 5796
5798 5799
5803 5828
5803 5809
5803 5805
5804 5805
5807 5809
5807 5808
5811 5828
5811 5825
5811 5813
5812 5813
5815 5825
5815 5818
5815 5817
5816 5817
5820 5825
5820 5823
5821 5823
5822 5823
5827 5828
5830 6065
5830 5965
5830 5836
5832 5836
5834 5836
5835 5836
5838 5965
5838 5955
5838 5875
5840 5875
5840 5844
5840 5841
5843 5844
5846 5875
5846 5868
5848 5868
5848 5867
5848 5864
5848 5863
5848 5853
5848 5850
5852 5853
5855 5863
5857 5863
5857 5858
5860 5863
5860 5862
5860 5861
5866 5867
5870 5875
5870 5873
5870 5872
5871 5872
5877 5955
5877 5950
5877 5904
5877 5894
5877 5892
5877 5884
5877 5879
5881 5884
5881 5882
5886 5892
5886 5890
5886 5889
5886 5888
5886 5887
5896 5904
5896 5898
5900 5904
5901 5904
5901 5902
5906 5950
5906 5924
5906 5908
5910 5924
5910 5921
5910 5918
5910 5914
5910 5912
5916 5918
5916 5917
5920 5921
5923 5924
5926 5950
5926 5932
5926 5928
5930 5932
5931 5932
5934 5950
5934 5946
5934 5940
5936 5940
5936 5938
5937 5938
5942 5946
5944 5946
5948 5950
5949 5950
5952 5955
5952 5954
5953 5954
5957 5965
5957 5963
5957 5962
5957 5960
5957 5958
5967 6065
5967 6046
5967 6034
5967 5998
5967 5985
5967 5970
5969 5970
5972 5985
5972 5973
5975 5985
5975 5983
5975 5980
5975 5978
5975 5977
5982 5983
5987 5998
5987 5995
5987 5993
5987 5992
5987 5988
5990 5992
5990 5991
5997 5998
6000 6034
6000 6020
6000 6013
6000 6003
6002 6003
6005 6013
6005 6012
6005 6011
6007 6011
6008 6011
6009 6011
6009 6010
6015 6020
6015 6019
6015 6017
6016 6017
6022 6034
6022 6032
6022 6025
6022 6023
6027 6032
6029 6032
6030 6032
6030 6031
6036 6046
6037 6046
6037 6040
6037 6038
6042 6046
6044 6046
6048 6065
6049 6065
6049 6050
6052 6065
6052 6061
6053 6061
6053 6056
6053 6055
6058 6061
6059 6061
6059 6060
6063 6065
6063 6064
6067 7264
6067 6248
6067 6218
6067 6158
6067 6104
6067 6071
6067 6070
6067 6068
6073 6104
6073 6088
6073 6078
6073 6077
6073 6074
6076 6077
6080 6088
6082 6088
6082 6084
6083 6084
6086 6088
6090 6104
6090 6101
6090 6095
6090 6094
6090 6092
6097 6101
6099 6101
6100 6101
6103 6104
6106 6158
6106 6122
6106 6119
6106 6115
6106 6108
6106 6107
6110 6115
6110 6112
6111 6112
6114 6115
6117 6119
6118 6119
6121 6122
6124 6158
6124 6152
6124 6126
6125 6126
6128 6152
6129 6152
6129 6132
6129 6131
6134 6152
6134 6135
6137 6152
6137 6144
6137 6143
6138 6143
6140 6143
6141 6143
6146 6152
6146 6151
6146 6149
6146 6148
6147 6148
6154 6158
6154 6157
6154 6155
6160 6218
6160 6177
6160 6163
6162 6163
6165 6177
6165 6175
6165 6174
6165 6167
6166 6167
6169 6174
6171 6174
6173 6174
6179 6218
6179 6185
6179 6183
6180 6183
6182 6183
6187 6218
6187 6212
6187 6210
6187 6208
6189 6208
6190 6208
6190 6199
6190 6198
6190 6191
6193 6198
6193 6197
6194 6197
6194 6196
6195 6196
6201 6208
6201 6207
6201 6202
6204 6207
6206 6207
6214 6218
6215 6218
6216 6218
6216 6217
6220 6248
6220 6246
6220 6236
6220 6222
6220 6221
6224 6236
6224 6229
6226 6229
6228 6229
6231 6236
6231 6232
6234 6236
6234 6235
6238 6246
6238 6239
6241 6246
6242 6246
6244 6246
6250 7264
6250 6654
6250 6545
6250 6319
6250 6268
6250 6257
6250 6255
6251 6255
6252 6255
6253 6255
6259 6268
6259 6263
6261 6263
6262 6263
6265 6268
6266 6268
6266 6267
6270 6319
6270 6300
6270 6277
6270 6271
6273 6277
6273 6274
6276 6277
6279 6300
6279 6297
6279 6283
6279 6282
6279 6281
6285 6297
6285 6293
6285 6287
6286 6287
6289 6293
6289 6291
6295 6297
6295 6296
6299 6300
6302 6319
6302 6316
6302 6303
6305 6316
6305 6306
6308 6316
6308 6313
6308 6312
6308 6311
6310 6311
6315 6316
6318 6319
6321 6545
6321 6411
6321 6368
6321 6336
6321 6329
6321 6328
6321 6326
6322 6326
6322 6324
6323 6324
6331 6336
6331 6332
6334 6336
6335 6336
6338 6368
6338 6362
6338 6347
6338 6341
6338 6340
6338 6339
6343 6347
6344 6347
6345 6347
6346 6347
6349 6362
6349 6352
6349 6350
6354 6362
6356 6362
6356 6360
6358 6360
6358 6359
6364 6368
6364 6366
6365 6366
6370 6411
6370 6374
6370 6373
6372 6373
6376 6411
6378 6411
6378 6386
6378 6380
6382 6386
6382 6383
6385 6386
6388 6411
6388 6404
6388 6400
6389 6400
6389 6396
6390 6396
6390 6391
6393 6396
6393 6395
6398 6400
6399 6400
6402 6404
6402 6403
6406 6411
6406 6407
6409 6411
6409 6410
6413 6545
6413 6436
6413 6422
6413 6417
6413 6414
6416 6417
6419 6422
6420 6422
6420 6421
6424 6436
6426 6436
6428 6436
6428 6434
6428 6429
6431 6434
6432 6434
6433 6434
6438 6545
6438 6466
6438 6455
6440 6455
6440 6444
6440 6441
6443 6444
6446 6455
6446 6448
6447 6448
6450 6455
6450 6453
6450 6451
6457 6466
6459 6466
6461 6466
6463 6466
6464 6466
6468 6545
6468 6469
6471 6545
6471 6487
6471 6485
6472 6485
6472 6484
6472 6473
6475 6484
6475 6480
6475 6478
6475 6477
6475 6476
6482 6484
6483 6484
6489 6545
6489 6502
6489 6499
6489 6493
6490 6493
6492 6493
6495 6499
6495 6497
6495 6496
6501 6502
6504 6545
6504 6513
6504 6505
6507 6513
6509 6513
6509 6511
6509 6510
6515 6545
6515 6535
6515 6534
6515 6519
6516 6519
6518 6519
6521 6534
6521 6522
6524 6534
6524 6532
6524 6531
6524 6525
6527 6531
6529 6531
6537 6545
6538 6545
6540 6545
6540 6544
6541 6544
6543 6544
6547 6654
6547 6564
6547 6555
6549 6555
6549 6553
6549 6552
6551 6552
6557 6564
6558 6564
6558 6561
6560 6561
6563 6564
6566 6654
6566 6606
6566 6597
6566 6572
6566 6571
6566 6569
6566 6568
6567 6568
6574 6597
6576 6597
6576 6591
6576 6585
6576 6579
6578 6579
6581 6585
6583 6585
6587 6591
6587 6588
6590 6591
6593 6597
6594 6597
6596 6597
6599 6606
6599 6603
6600 6603
6600 6602
6601 6602
6605 6606
6608 6654
6608 6637
6608 6612
6608 6610
6608 6609
6614 6637
6614 6623
6614 6618
6616 6618
6617 6618
6620 6623
6622 6623
6625 6637
6627 6637
6627 6633
6627 6629
6627 6628
6631 6633
6635 6637
6636 6637
6639 6654
6639 6644
6639 6642
6639 6640
6646 6654
6646 6651
6646 6649
6646 6648
6647 6648
6653 6654
6656 7264
6656 6858
6656 6703
6656 6659
6657 6659
6661 6703
6661 6693
6661 6684
6661 6677
6661 6671
6661 6669
6663 6669
6664 6669
6664 6665
6667 6669
6667 6668
6673 6677
6675 6677
6679 6684
6680 6684
6680 6683
6682 6683
6686 6693
6686 6690
6686 6687
6689 6690
6692 6693
6695 6703
6695 6698
6697 6698
6700 6703
6700 6702
6700 6701
6705 6858
6705 6722
6707 6722
6707 6718
6707 6715
6707 6711
6709 6711
6709 6710
6713 6715
6717 6718
6720 6722
6724 6858
6724 6837
6724 6773
6724 6726
6725 6726
6728 6773
6728 6761
6728 6757
6728 6749
6728 6731
6728 6730
6729 6730
6733 6749
6733 6737
6733 6736
6734 6736
6739 6749
6739 6746
6739 6742
6739 6740
6744 6746
6744 6745
6748 6749
6751 6757
6751 6755
6752 6755
6753 6755
6753 6754
6759 6761
6760 6761
6763 6773
6763 6765
6767 6773
6767 6768
6770 6773
6770 6772
6770 6771
6775 6837
6775 6794
6775 6792
6777 6792
6777 6788
6777 6782
6777 6781
6777 6780
6777 6779
6784 6788
6784 6785
6787 6788
6790 6792
6791 6792
6796 6837
6796 6818
6796 6797
6799 6818
6799 6813
6799 6810
6799 6808
6799 6805
6799 6802
6799 6800
6804 6805
6807 6808
6812 6813
6815 6818
6815 6816
6820 6837
6820 6825
6820 6824
6821 6824
6821 6823
6822 6823
6827 6837
6827 6834
6829 6834
6829 6831
6833 6834
6836 6837
6839 6858
6839 6842
6839 6841
6844 6858
6846 6858
6846 6856
6846 6847
6849 6856
6849 6852
6850 6852
6854 6856
6855 6856
6860 7264
6860 6937
6860 6883
6860 6882
6860 6875
6860 6867
6860 6866
6860 6863
6861 6863
6865 6866
6869 6875
6869 6870
6872 6875
6872 6874
6872 6873
6877 6882
6877 6881
6878 6881
6878 6880
6878 6879
6885 6937
6885 6927
6885 6887
6885 6886
6889 6927
6889 6912
6889 6896
6889 6893
6889 6890
6892 6893
6895 6896
6898 6912
6898 6905
6898 6904
6898 6899
6901 6904
6901 6902
6907 6912
6908 6912
6908 6910
6909 6910
6914 6927
6916 6927
6916 6923
6918 6923
6918 6920
6922 6923
6925 6927
6929 6937
6929 6936
6929 6934
6929 6930
6932 6934
6933 6934
6939 7264
6939 7059
6939 6987
6939 6958
6939 6946
6939 6943
6939 6941
6940 6941
6945 6946
6948 6958
6949 6958
6951 6958
6951 6952
6954 6958
6955 6958
6955 6957
6956 6957
6960 6987
6960 6973
6960 6972
6960 6967
6960 6962
6964 6967
6964 6966
6964 6965
6969 6972
6971 6972
6975 6987
6975 6986
6976 6986
6976 6984
6976 6979
6978 6979
6981 6984
6982 6984
6982 6983
6989 7059
6989 7021
6989 7017
6991 7017
6991 7005
6991 6998
6991 6993
6995 6998
6995 6996
7000 7005
7001 7005
7003 7005
7004 7005
7007 7017
7009 7017
7011 7017
7012 7017
7012 7015
7012 7014
7012 7013
7019 7021
7019 7020
7023 7059
7023 7053
7023 7031
7023 7025
7027 7031
7028 7031
7028 7029
7033 7053
7033 7052
7033 7047
7033 7037
7033 7035
7034 7035
7039 7047
7039 7041
7040 7041
7043 7047
7043 7044
7046 7047
7049 7052
7051 7052
7055 7059
7057 7059
7058 7059
7061 7264
7061 7164
7061 7152
7061 7093
7061 7073
7061 7070
7061 7062
7064 7070
7064 7065
7067 7070
7069 7070
7072 7073
7075 7093
7075 7080
7075 7079
7075 7076
7078 7079
7082 7093
7082 7085
7082 7084
7083 7084
7087 7093
7087 7089
7091 7093
7091 7092
7095 7152
7095 7130
7095 7127
7095 7109
7095 7102
7095 7101
7097 7101
7097 7100
7097 7098
7104 7109
7104 7107
7104 7106
7105 7106
7111 7127
7111 7124
7111 7118
7111 7116
7111 7114
7111 7113
7120 7124
7120 7121
7123 7124
7126 7127
7129 7130
7132 7152
7132 7150
7133 7150
7133 7134
7136 7150
7136 7141
7138 7141
7138 7139
7143 7150
7145 7150
7145 7147
7145 7146
7149 7150
7154 7164
7154 7156
7158 7164
7159 7164
7161 7164
7162 7164
7163 7164
7166 7264
7166 7169
7166 7167
7171 7264
7171 7194
7171 7186
7171 7176
7172 7176
7173 7176
7173 7175
7173 7174
7178 7186
7178 7183
7179 7183
7179 7182
7180 7182
7180 7181
7185 7186
7188 7194
7190 7194
7191 7194
7192 7194
7196 7264
7196 7200
7196 7198
7196 7197
7202 7264
7202 7240
7202 7210
7203 7210
7203 7208
7204 7208
7204 7206
7205 7206
7212 7240
7212 7219
7212 7216
7212 7214
7213 7214
7218 7219
7221 7240
7221 7230
7221 7228
7221 7227
7222 7227
7222 7225
7223 7225
7224 7225
7232 7240
7234 7240
7234 7239
7236 7239
7236 7238
7236 7237
7242 7264
7244 7264
7244 7255
7245 7255
7245 7251
7245 7248
7246 7248
7247 7248
7250 7251
7253 7255
7254 7255
7257 7264
7257 7261
7257 7260
7257 7258
7263 7264
7266 9189
7266 7973
7266 7836
7266 7321
7266 7312
7266 7307
7266 7285
7266 7270
7266 7269
7266 7268
7272 7285
7272 7284
7272 7278
7274 7278
7274 7277
7275 7277
7276 7277
7280 7284
7280 7283
7281 7283
7281 7282
7287 7307
7287 7300
7287 7289
7288 7289
7291 7300
7291 7296
7291 7293
7291 7292
7295 7296
7298 7300
7298 7299
7302 7307
7303 7307
7303 7304
7306 7307
7309 7312
7310 7312
7314 7321
7316 7321
7316 7319
7316 7318
7317 7318
7323 7836
7323 7819
7323 7362
7323 7352
7323 7326
7323 7325
7323 7324
7328 7352
7328 7337
7329 7337
7329 7336
7329 7333
7329 7331
7329 7330
7335 7336
7339 7352
7339 7343
7340 7343
7342 7343
7345 7352
7347 7352
7347 7348
7350 7352
7354 7362
7356 7362
7357 7362
7357 7361
7357 7359
7364 7819
7364 7455
7364 7401
7364 7383
7364 7381
7364 7366
7365 7366
7368 7381
7368 7373
7368 7371
7368 7369
7375 7381
7375 7377
7379 7381
7385 7401
7385 7392
7385 7389
7386 7389
7386 7388
7387 7388
7391 7392
7394 7401
7394 7396
7395 7396
7398 7401
7399 7401
7400 7401
7403 7455
7403 7446
7403 7406
7403 7404
7408 7446
7408 7416
7408 7413
7408 7410
7409 7410
7412 7413
7415 7416
7418 7446
7418 7420
7419 7420
7422 7446
7424 7446
7425 7446
7425 7428
7425 7427
7426 7427
7430 7446
7430 7444
7432 7444
7432 7443
7432 7437
7432 7433
7435 7437
7436 7437
7439 7443
7439 7440
7442 7443
7448 7455
7448 7454
7448 7453
7448 7449
7451 7453
7451 7452
7457 7819
7457 7521
7458 7521
7458 7491
7458 7459
7461 7491
7461 7471
7461 7470
7462 7470
7462 7467
7463 7467
7464 7467
7464 7465
7469 7470
7473 7491
7473 7474
7476 7491
7478 7491
7478 7481
7478 7479
7483 7491
7483 7486
7485 7486
7488 7491
7488 7490
7488 7489
7493 7521
7493 7501
7493 7494
7496 7501
7498 7501
7498 7499
7503 7521
7503 7506
7504 7506
7508 7521
7508 7513
7508 7512
7510 7512
7511 7512
7515 7521
7517 7521
7517 7518
7520 7521
7523 7819
7523 7672
7523 7596
7523 7535
7524 7535
7524 7527
7526 7527
7529 7535
7529 7530
7532 7535
7532 7533
7537 7596
7537 7550
7537 7548
7537 7544
7537 7540
7537 7538
7542 7544
7546 7548
7552 7596
7552 7560
7552 7557
7552 7555
7552 7554
7552 7553
7559 7560
7562 7596
7562 7579
7562 7563
7565 7579
7565 7573
7565 7567
7566 7567
7569 7573
7569 7570
7572 7573
7575 7579
7576 7579
7578 7579
7581 7596
7581 7590
7582 7590
7582 7588
7584 7588
7584 7586
7592 7596
7592 7593
7595 7596
7598 7672
7598 7645
7598 7618
7598 7602
7599 7602
7599 7601
7599 7600
7604 7618
7604 7614
7604 7607
7604 7605
7609 7614
7609 7612
7609 7610
7616 7618
7620 7645
7620 7622
7620 7621
7624 7645
7624 7635
7624 7630
7624 7625
7627 7630
7629 7630
7632 7635
7632 7633
7637 7645
7638 7645
7638 7639
7641 7645
7643 7645
7644 7645
7647 7672
7647 7655
7649 7655
7649 7652
7649 7650
7654 7655
7657 7672
7657 7658
7660 7672
7662 7672
7662 7665
7662 7664
7662 7663
7667 7672
7667 7670
7668 7670
7668 7669
7674 7819
7674 7688
7674 7681
7674 7676
7678 7681
7679 7681
7683 7688
7685 7688
7685 7687
7690 7819
7690 7804
7690 7700
7690 7698
7690 7697
7690 7692
7694 7697
7694 7696
7702 7804
7702 7736
7702 7729
7702 7704
7703 7704
7706 7729
7706 7721
7706 7709
7708 7709
7711 7721
7711 7713
7711 7712
7715 7721
7715 7719
7715 7717
7715 7716
7723 7729
7723 7728
7723 7724
7726 7728
7731 7736
7733 7736
7734 7736
7735 7736
7738 7804
7738 7779
7738 7746
7738 7743
7738 7741
7739 7741
7739 7740
7745 7746
7748 7779
7748 7749
7751 7779
7751 7772
7751 7769
7751 7757
7753 7757
7754 7757
7754 7755
7759 7769
7760 7769
7760 7768
7760 7762
7761 7762
7764 7768
7764 7765
7767 7768
7771 7772
7774 7779
7774 7775
7777 7779
7781 7804
7781 7786
7781 7784
7782 7784
7788 7804
7790 7804
7790 7791
7793 7804
7793 7796
7793 7795
7793 7794
7798 7804
7799 7804
7799 7803
7801 7803
7802 7803
7806 7819
7806 7814
7806 7807
7809 7814
7810 7814
7812 7814
7812 7813
7816 7819
7816 7818
7817 7818
7821 7836
7823 7836
7823 7833
7823 7824
7826 7833
7826 7831
7826 7830
7826 7828
7835 7836
7838 7973
7838 7938
7838 7895
7838 7843
7838 7842
7838 7841
7839 7841
7845 7895
7845 7867
7845 7847
7845 7846
7849 7867
7849 7865
7849 7857
7849 7850
7852 7857
7852 7855
7852 7854
7853 7854
7859 7865
7859 7864
7859 7861
7859 7860
7863 7864
7869 7895
7869 7881
7869 7879
7869 7876
7869 7870
7872 7876
7874 7876
7874 7875
7878 7879
7883 7895
7883 7894
7883 7891
7884 7891
7885 7891
7885 7890
7885 7888
7885 7886
7893 7894
7897 7938
7897 7920
7897 7915
7897 7909
7897 7905
7897 7904
7897 7902
7897 7899
7901 7902
7907 7909
7907 7908
7911 7915
7912 7915
7912 7914
7912 7913
7917 7920
7917 7919
7922 7938
7922 7923
7925 7938
7925 7929
7925 7926
7928 7929
7931 7938
7931 7935
7932 7935
7932 7934
7937 7938
7940 7973
7940 7943
7942 7943
7945 7973
7945 7953
7945 7950
7945 7948
7945 7946
7952 7953
7955 7973
7955 7959
7955 7958
7957 7958
7961 7973
7961 7967
7961 7963
7962 7963
7965 7967
7969 7973
7969 7971
7969 7970
7975 9189
7977 9189
7977 8807
7977 8638
7977 8529
7977 8001
7977 7996
7977 7993
7977 7982
7977 7979
7977 7978
7981 7982
7984 7993
7984 7985
7987 7993
7987 7991
7987 7989
7987 7988
7995 7996
7998 8001
7999 8001
7999 8000
8003 8529
8003 8402
8003 8006
8003 8005
8004 8005
8008 8402
8008 8157
8008 8104
8008 8052
8008 8031
8008 8010
8009 8010
8012 8031
8012 8025
8012 8019
8014 8019
8014 8017
8016 8017
8021 8025
8021 8022
8024 8025
8027 8031
8029 8031
8030 8031
8033 8052
8033 8038
8033 8035
8034 8035
8037 8038
8040 8052
8040 8045
8042 8045
8044 8045
8047 8052
8047 8049
8048 8049
8051 8052
8054 8104
8054 8092
8054 8057
8056 8057
8059 8092
8059 8090
8059 8066
8060 8066
8060 8062
8064 8066
8064 8065
8068 8090
8068 8082
8068 8081
8068 8073
8070 8073
8070 8071
8075 8081
8077 8081
8078 8081
8078 8079
8084 8090
8084 8089
8086 8089
8086 8088
8086 8087
8094 8104
8094 8099
8094 8097
8094 8095
8101 8104
8103 8104
8106 8157
8106 8137
8106 8131
8106 8111
8108 8111
8110 8111
8113 8131
8113 8126
8113 8125
8114 8125
8114 8117
8114 8116
8115 8116
8119 8125
8121 8125
8121 8123
8121 8122
8128 8131
8129 8131
8130 8131
8133 8137
8134 8137
8134 8135
8139 8157
8139 8141
8140 8141
8143 8157
8145 8157
8145 8152
8145 8147
8145 8146
8149 8152
8150 8152
8150 8151
8154 8157
8155 8157
8155 8156
8159 8402
8159 8238
8159 8205
8159 8167
8159 8166
8159 8165
8161 8165
8161 8162
8164 8165
8169 8205
8169 8186
8169 8176
8169 8173
8170 8173
8170 8172
8170 8171
8175 8176
8178 8186
8178 8179
8181 8186
8181 8185
8183 8185
8188 8205
8188 8198
8188 8190
8192 8198
8194 8198
8194 8197
8195 8197
8196 8197
8200 8205
8200 8202
8200 8201
8204 8205
8207 8238
8207 8237
8207 8222
8207 8215
8207 8211
8207 8210
8207 8209
8207 8208
8213 8215
8214 8215
8217 8222
8218 8222
8218 8220
8224 8237
8226 8237
8226 8231
8226 8228
8227 8228
8230 8231
8233 8237
8233 8235
8233 8234
8240 8402
8240 8386
8240 8296
8240 8241
8243 8296
8243 8262
8243 8256
8243 8251
8245 8251
8246 8251
8246 8249
8246 8248
8253 8256
8254 8256
8255 8256
8258 8262
8260 8262
8261 8262
8264 8296
8264 8283
8264 8269
8264 8265
8267 8269
8268 8269
8271 8283
8271 8281
8271 8279
8271 8276
8271 8273
8272 8273
8275 8276
8278 8279
8285 8296
8285 8287
8285 8286
8289 8296
8291 8296
8291 8295
8293 8295
8298 8386
8298 8340
8298 8307
8298 8303
8298 8302
8298 8301
8298 8300
8305 8307
8306 8307
8309 8340
8309 8313
8311 8313
8315 8340
8316 8340
8316 8319
8316 8317
8321 8340
8321 8328
8321 8325
8321 8324
8323 8324
8327 8328
8330 8340
8330 8333
8330 8331
8335 8340
8335 8338
8335 8337
8335 8336
8342 8386
8342 8370
8342 8350
8342 8346
8342 8343
8345 8346
8348 8350
8348 8349
8352 8370
8352 8362
8352 8355
8354 8355
8357 8362
8357 8359
8358 8359
8361 8362
8364 8370
8364 8369
8364 8367
8364 8365
8372 8386
8372 8378
8372 8374
8376 8378
8376 8377
8380 8386
8380 8382
8384 8386
8388 8402
8388 8398
8388 8395
8388 8393
8388 8392
8388 8390
8388 8389
8397 8398
8400 8402
8404 8529
8404 8481
8404 8467
8404 8440
8404 8406
8405 8406
8408 8440
8408 8413
8408 8409
8411 8413
8415 8440
8415 8438
8415 8429
8415 8425
8415 8424
8415 8419
8415 8416
8418 8419
8421 8424
8422 8424
8422 8423
8427 8429
8428 8429
8431 8438
8432 8438
8432 8436
8432 8433
8435 8436
8442 8467
8442 8453
8443 8453
8443 8451
8443 8450
8445 8450
8447 8450
8447 8448
8455 8467
8455 8456
8458 8467
8458 8462
8458 8460
8459 8460
8464 8467
8466 8467
8469 8481
8469 8479
8469 8477
8469 8474
8470 8474
8470 8472
8476 8477
8483 8529
8483 8488
8483 8485
8484 8485
8487 8488
8490 8529
8490 8497
8492 8497
8492 8495
8493 8495
8493 8494
8499 8529
8499 8523
8499 8504
8499 8501
8503 8504
8506 8523
8506 8519
8506 8512
8507 8512
8507 8511
8507 8509
8507 8508
8514 8519
8516 8519
8518 8519
8521 8523
8525 8529
8525 8527
8526 8527
8531 8638
8531 8560
8531 8552
8531 8534
8533 8534
8536 8552
8536 8542
8536 8538
8537 8538
8540 8542
8540 8541
8544 8552
8544 8545
8547 8552
8547 8551
8549 8551
8550 8551
8554 8560
8554 8558
8556 8558
8556 8557
8562 8638
8563 8638
8563 8634
8563 8572
8563 8569
8563 8564
8566 8569
8566 8567
8571 8572
8574 8634
8574 8578
8574 8577
8576 8577
8580 8634
8580 8607
8580 8591
8581 8591
8581 8588
8581 8587
8582 8587
8584 8587
8584 8585
8590 8591
8593 8607
8593 8602
8593 8600
8594 8600
8594 8599
8594 8596
8594 8595
8598 8599
8604 8607
8604 8605
8609 8634
8609 8627
8609 8616
8609 8610
8612 8616
8614 8616
8618 8627
8618 8619
8621 8627
8623 8627
8625 8627
8629 8634
8629 8633
8630 8633
8631 8633
8636 8638
8640 8807
8640 8795
8640 8658
8641 8658
8641 8651
8643 8651
8643 8647
8644 8647
8646 8647
8649 8651
8650 8651
8653 8658
8653 8655
8654 8655
8657 8658
8660 8795
8660 8716
8660 8669
8660 8665
8660 8663
8660 8661
8667 8669
8668 8669
8671 8716
8672 8716
8672 8702
8672 8701
8672 8684
8672 8678
8672 8676
8672 8673
8675 8676
8680 8684
8681 8684
8682 8684
8683 8684
8686 8701
8686 8688
8687 8688
8690 8701
8690 8696
8690 8692
8694 8696
8695 8696
8698 8701
8698 8699
8704 8716
8704 8705
8707 8716
8707 8710
8707 8709
8708 8709
8712 8716
8712 8713
8715 8716
8718 8795
8718 8768
8718 8759
8718 8756
8718 8741
8718 8721
8718 8719
8723 8741
8723 8732
8723 8729
8723 8725
8723 8724
8727 8729
8731 8732
8734 8741
8736 8741
8737 8741
8737 8740
8737 8738
8743 8756
8743 8749
8743 8746
8743 8745
8748 8749
8751 8756
8752 8756
8754 8756
8758 8759
8761 8768
8761 8766
8761 8765
8761 8763
8770 8795
8770 8785
8770 8780
8770 8772
8774 8780
8774 8775
8777 8780
8777 8778
8782 8785
8782 8783
8787 8795
8787 8794
8787 8789
8787 8788
8791 8794
8792 8794
8792 8793
8797 8807
8797 8805
8799 8805
8799 8802
8799 8801
8804 8805
8809 9189
8809 9032
8809 8973
8809 8942
8809 8926
8809 8911
8809 8885
8809 8870
8809 8822
8809 8810
8812 8822
8812 8818
8812 8814
8812 8813
8816 8818
8816 8817
8820 8822
8824 8870
8824 8856
8824 8833
8824 8826
8828 8833
8830 8833
8830 8831
8835 8856
8835 8847
8835 8844
8835 8842
8836 8842
8836 8841
8837 8841
8839 8841
8840 8841
8846 8847
8849 8856
8849 8853
8850 8853
8850 8852
8851 8852
8855 8856
8858 8870
8858 8861
8860 8861
8863 8870
8863 8866
8863 8864
8868 8870
8872 8885
8872 8878
8872 8877
8872 8873
8875 8877
8876 8877
8880 8885
8882 8885
8882 8883
8887 8911
8887 8890
8888 8890
8892 8911
8892 8903
8892 8893
8895 8903
8895 8896
8898 8903
8898 8900
8902 8903
8905 8911
8905 8908
8905 8906
8910 8911
8913 8926
8913 8923
8914 8923
8915 8923
8915 8919
8915 8917
8915 8916
8921 8923
8921 8922
8925 8926
8928 8942
8928 8929
8931 8942
8931 8941
8931 8934
8931 8932
8936 8941
8938 8941
8938 8939
8944 8973
8944 8971
8944 8946
8944 8945
8948 8971
8948 8952
8949 8952
8950 8952
8954 8971
8954 8961
8954 8955
8957 8961
8957 8960
8958 8960
8963 8971
8963 8970
8963 8969
8963 8968
8965 8968
8966 8968
8966 8967
8975 9032
8975 9030
8975 9001
8975 8989
8975 8980
8975 8978
8975 8977
8975 8976
8982 8989
8982 8985
8983 8985
8983 8984
8987 8989
8987 8988
8991 9001
8992 9001
8993 9001
8993 9000
8995 9000
8995 8997
8996 8997
8999 9000
9003 9030
9003 9009
9003 9005
9007 9009
9008 9009
9011 9030
9011 9023
9011 9022
9011 9020
9011 9015
9011 9013
9012 9013
9017 9020
9018 9020
9025 9030
9027 9030
9029 9030
9034 9189
9034 9085
9034 9037
9034 9036
9034 9035
9039 9085
9039 9053
9039 9052
9039 9048
9039 9044
9039 9042
9041 9042
9046 9048
9047 9048
9050 9052
9051 9052
9055 9085
9055 9080
9055 9074
9055 9058
9057 9058
9060 9074
9060 9065
9062 9065
9064 9065
9067 9074
9067 9070
9069 9070
9072 9074
9076 9080
9077 9080
9077 9079
9077 9078
9082 9085
9084 9085
9087 9189
9087 9102
9087 9099
9087 9094
9087 9092
9087 9088
9090 9092
9096 9099
9097 9099
9098 9099
9101 9102
9104 9189
9104 9107
9104 9106
9109 9189
9109 9154
9109 9135
9109 9125
9109 9118
9109 9112
9111 9112
9114 9118
9114 9115
9117 9118
9120 9125
9120 9124
9121 9124
9121 9123
9122 9123
9127 9135
9129 9135
9129 9134
9129 9131
9129 9130
9133 9134
9137 9154
9137 9147
9138 9147
9138 9140
9139 9140
9142 9147
9142 9144
9146 9147
9149 9154
9149 9150
9152 9154
9152 9153
9156 9189
9156 9188
9156 9173
9156 9163
9156 9160
9156 9158
9156 9157
9162 9163
9165 9173
9165 9167
9165 9166
9169 9173
9169 9170
9172 9173
9175 9188
9175 9180
9175 9178
9177 9178
9182 9188
9182 9186
9183 9186
9184 9186
9184 9185
9191 9267
9191 9244
9191 9208
9191 9194
9193 9194
9196 9208
9197 9208
9197 9204
9199 9204
9201 9204
9202 9204
9203 9204
9206 9208
9210 9244
9210 9236
9210 9217
9212 9217
9212 9216
9213 9216
9215 9216
9219 9236
9220 9236
9220 9227
9222 9227
9222 9226
9223 9226
9224 9226
9224 9225
9229 9236
9229 9230
9232 9236
9232 9234
9238 9244
9238 9242
9238 9240
9246 9267
9246 9253
9247 9253
9248 9253
9250 9253
9250 9252
9250 9251
9255 9267
9255 9266
9257 9266
9257 9265
9257 9258
9260 9265
9260 9264
9261 9264
9261 9262
9269 9999
9269 9831
9269 9512
9269 9488
9269 9480
9269 9446
9269 9396
9269 9379
9269 9320
9269 9300
9269 9295
9269 9281
9271 9281
9271 9279
9271 9277
9272 9277
9274 9277
9276 9277
9283 9295
9283 9284
9286 9295
9286 9290
9288 9290
9289 9290
9292 9295
9292 9293
9297 9300
9299 9300
9302 9320
9302 9308
9303 9308
9303 9305
9304 9305
9307 9308
9310 9320
9310 9317
9311 9317
9312 9317
9312 9313
9315 9317
9316 9317
9319 9320
9322 9379
9322 9371
9322 9341
9322 9337
9322 9328
9323 9328
9323 9326
9323 9324
9330 9337
9330 9334
9332 9334
9336 9337
9339 9341
9340 9341
9343 9371
9343 9357
9343 9349
9343 9344
9346 9349
9347 9349
9348 9349
9351 9357
9353 9357
9353 9356
9353 9355
9353 9354
9359 9371
9361 9371
9361 9366
9363 9366
9363 9365
9363 9364
9368 9371
9369 9371
9369 9370
9373 9379
9373 9376
9374 9376
9378 9379
9381 9396
9381 9393
9381 9387
9381 9382
9384 9387
9386 9387
9389 9393
9391 9393
9395 9396
9398 9446
9398 9439
9398 9438
9398 9407
9398 9404
9398 9399
9401 9404
9403 9404
9406 9407
9409 9438
9409 9427
9409 9425
9409 9411
9410 9411
9413 9425
9413 9414
9416 9425
9416 9420
9416 9419
9418 9419
9422 9425
9424 9425
9429 9438
9429 9431
9429 9430
9433 9438
9435 9438
9435 9436
9441 9446
9441 9442
9444 9446
9444 9445
9448 9480
9448 9459
9448 9452
9450 9452
9450 9451
9454 9459
9454 9457
9455 9457
9455 9456
9461 9480
9461 9470
9461 9468
9461 9462
9464 9468
9464 9467
9466 9467
9472 9480
9472 9473
9475 9480
9475 9477
9475 9476
9479 9480
9482 9488
9482 9485
9484 9485
9487 9488
9490 9512
9491 9512
9491 9500
9491 9495
9491 9493
9491 9492
9497 9500
9497 9499
9497 9498
9502 9512
9502 9504
9502 9503
9506 9512
9506 9510
9506 9507
9509 9510
9514 9831
9514 9684
9514 9562
9514 9559
9515 9559
9515 9531
9515 9517
9515 9516
9519 9531
9519 9520
9522 9531
9522 9524
9522 9523
9526 9531
9526 9527
9529 9531
9530 9531
9533 9559
9533 9548
9533 9542
9533 9539
9535 9539
9536 9539
9537 9539
9541 9542
9544 9548
9544 9546
9550 9559
9550 9552
9551 9552
9554 9559
9554 9556
9554 9555
9558 9559
9561 9562
9564 9684
9564 9568
9564 9565
9567 9568
9570 9684
9570 9585
9571 9585
9571 9578
9571 9577
9571 9574
9573 9574
9576 9577
9580 9585
9581 9585
9583 9585
9583 9584
9587 9684
9589 9684
9589 9669
9589 9619
9589 9606
9589 9602
9589 9596
9589 9592
9590 9592
9594 9596
9595 9596
9598 9602
9598 9601
9598 9599
9604 9606
9604 9605
9608 9619
9608 9618
9610 9618
9610 9612
9614 9618
9614 9617
9614 9615
9621 9669
9621 9636
9621 9630
9621 9627
9621 9624
9623 9624
9626 9627
9629 9630
9632 9636
9632 9635
9632 9633
9638 9669
9638 9657
9638 9639
9641 9657
9641 9645
9641 9643
9647 9657
9647 9656
9648 9656
9648 9650
9652 9656
9653 9656
9653 9655
9659 9669
9659 9663
9660 9663
9660 9662
9660 9661
9665 9669
9665 9666
9668 9669
9671 9684
9671 9674
9673 9674
9676 9684
9676 9680
9676 9678
9677 9678
9682 9684
9683 9684
9686 9831
9686 9727
9686 9708
9686 9697
9686 9690
9686 9689
9687 9689
9687 9688
9692 9697
9692 9695
9692 9693
9699 9708
9700 9708
9700 9704
9700 9703
9701 9703
9702 9703
9706 9708
9707 9708
9710 9727
9710 9715
9712 9715
9712 9713
9717 9727
9718 9727
9720 9727
9720 9724
9721 9724
9722 9724
9726 9727
9729 9831
9729 9825
9731 9825
9731 9745
9733 9745
9733 9744
9733 9743
9733 9735
9733 9734
9737 9743
9737 9741
9738 9741
9739 9741
9740 9741
9747 9825
9747 9789
9748 9789
9748 9778
9748 9776
9748 9749
9751 9776
9751 9771
9751 9752
9754 9771
9754 9762
9754 9758
9756 9758
9756 9757
9760 9762
9761 9762
9764 9771
9764 9770
9764 9767
9766 9767
9769 9770
9773 9776
9773 9774
9780 9789
9780 9788
9780 9786
9780 9784
9780 9781
9783 9784
9791 9825
9791 9823
9791 9798
9791 9796
9791 9794
9791 9793
9791 9792
9800 9823
9800 9812
9802 9812
9802 9806
9802 9805
9802 9804
9802 9803
9808 9812
9808 9811
9808 9810
9809 9810
9814 9823
9814 9818
9814 9816
9815 9816
9820 9823
9820 9821
9827 9831
9828 9831
9828 9829
9833 9999
9833 9964
9833 9848
9833 9847
9833 9839
9833 9836
9833 9835
9833 9834
9838 9839
9841 9847
9841 9846
9841 9845
9843 9845
9843 9844
9850 9964
9850 9866
9850 9855
9850 9854
9852 9854
9853 9854
9857 9866
9857 9860
9859 9860
9862 9866
9862 9865
9863 9865
9864 9865
9868 9964
9868 9910
9868 9891
9869 9891
9869 9880
9869 9878
9871 9878
9871 9875
9871 9872
9874 9875
9877 9878
9882 9891
9882 9889
9882 9886
9884 9886
9884 9885
9888 9889
9893 9910
9893 9908
9893 9895
9897 9908
9897 9899
9901 9908
9901 9903
9902 9903
9905 9908
9905 9907
9906 9907
9912 9964
9912 9962
9912 9925
9912 9916
9912 9915
9912 9914
9918 9925
9920 9925
9920 9923
9921 9923
9921 9922
9927 9962
9927 9944
9927 9935
9927 9931
9929 9931
9930 9931
9933 9935
9933 9934
9937 9944
9937 9943
9937 9939
9941 9943
9941 9942
9946 9962
9946 9959
9946 9953
9946 9948
9947 9948
9950 9953
9950 9952
9955 9959
9955 9957
9956 9957
9961 9962
9966 9999
9966 9990
9967 9990
9967 9983
9967 9969
9971 9983
9971 9975
9973 9975
9973 9974
9977 9983
9978 9983
9978 9982
9978 9980
9979 9980
9985 9990
9985 9986
9988 9990
9988 9989
9992 9999
9994 9999
9995 9999
9995 9998
9995 9997
9996 9997

No of comparisons: 160361
