
0 9999
0 9267
0 5790
0 5738
0 1281
0 227
0 34
0 14
0 11
0 6
1 6
1 5
1 4
1 2
8 11
10 11
13 14
16 34
16 20
16 18
16 17
22 34
22 30
22 29
22 24
26 29
27 29
28 29
32 34
36 227
36 47
36 38
37 38
40 47
40 46
40 41
43 46
44 46
45 46
49 227
49 207
49 75
49 71
49 64
49 50
52 64
52 58
52 54
52 53
56 58
57 58
60 64
61 64
61 62
66 71
66 70
66 69
68 69
73 75
74 75
77 207
77 121
77 91
77 89
77 81
77 78
80 81
83 89
84 89
85 89
85 88
85 87
85 86
93 121
93 109
93 105
95 105
95 101
95 99
95 96
98 99
103 105
107 109
108 109
111 121
111 113
112 113
115 121
115 119
115 116
118 119
123 207
123 155
123 138
123 129
123 125
127 129
131 138
133 138
133 136
135 136
140 155
142 155
142 146
143 146
144 146
144 145
148 155
148 151
148 149
153 155
153 154
157 207
157 170
157 162
157 158
160 162
160 161
164 170
164 168
164 165
167 168
172 207
172 196
172 179
172 175
173 175
173 174
177 179
177 178
181 196
181 192
181 183
182 183
185 192
187 192
187 188
190 192
190 191
194 196
194 195
198 207
199 207
201 207
201 204
201 203
202 203
206 207
209 227
209 226
209 211
213 226
213 225
213 214
216 225
216 224
216 220
216 219
217 219
222 224
229 1281
229 814
229 371
229 298
229 295
229 265
229 260
229 233
229 231
230 231
235 260
235 250
235 237
235 236
239 250
239 248
240 248
242 248
242 247
243 247
243 245
252 260
252 257
252 254
256 257
259 260
262 265
262 263
267 295
267 278
268 278
268 275
268 269
271 275
271 273
277 278
280 295
280 293
280 288
280 287
280 284
282 284
286 287
290 293
291 293
291 292
297 298
300 371
300 343
300 341
300 339
300 325
300 306
300 303
300 301
305 306
308 325
308 309
311 325
311 317
311 315
313 315
314 315
319 325
319 324
319 323
319 322
319 321
327 339
329 339
329 332
331 332
334 339
336 339
336 338
337 338
345 371
345 348
346 348
347 348
350 371
350 362
350 359
352 359
354 359
356 359
357 359
358 359
361 362
364 371
364 369
366 369
368 369
373 814
373 689
373 663
373 390
373 382
373 378
373 377
375 377
376 377
380 382
384 390
384 388
385 388
387 388
392 663
392 397
392 394
396 397
399 663
399 475
399 471
399 465
399 457
399 416
399 400
402 416
402 408
402 404
406 408
410 416
411 416
411 413
415 416
418 457
418 435
420 435
420 422
420 421
424 435
424 433
426 433
426 431
426 427
429 431
437 457
437 451
437 444
437 438
440 444
440 443
441 443
446 451
447 451
449 451
449 450
453 457
455 457
456 457
459 465
461 465
463 465
463 464
467 471
468 471
470 471
473 475
474 475
477 663
477 516
477 487
477 479
478 479
481 487
481 486
481 483
481 482
485 486
489 516
489 496
490 496
490 495
490 491
493 495
494 495
498 516
498 502
498 500
504 516
504 508
505 508
506 508
506 507
510 516
510 514
510 513
510 512
510 511
518 663
520 663
520 651
520 576
520 573
520 536
520 535
520 532
520 521
523 532
523 525
524 525
527 532
527 531
529 531
529 530
534 535
538 573
538 540
538 539
542 573
542 562
542 548
542 547
542 546
542 545
542 544
543 544
550 562
550 554
550 552
550 551
556 562
558 562
558 560
564 573
564 572
564 569
565 569
567 569
567 568
571 572
575 576
578 651
578 594
578 586
578 580
578 579
582 586
582 583
585 586
588 594
588 589
591 594
591 593
592 593
596 651
596 621
598 621
598 603
599 603
599 602
601 602
605 621
605 616
605 609
607 609
611 616
613 616
613 615
618 621
618 620
623 651
623 624
626 651
626 638
626 632
626 630
627 630
628 630
629 630
634 638
634 637
634 636
640 651
640 643
641 643
645 651
645 647
646 647
649 651
649 650
653 663
653 658
653 654
656 658
656 657
660 663
662 663
665 689
665 666
668 689
668 682
668 677
668 671
668 670
669 670
673 677
673 674
676 677
679 682
681 682
684 689
684 687
684 685
691 814
691 771
691 757
691 709
691 707
691 696
691 695
693 695
693 694
698 707
699 707
699 705
701 705
702 705
704 705
711 757
711 712
714 757
714 749
714 717
714 715
719 749
719 744
719 729
719 726
721 726
721 724
721 722
728 729
731 744
731 735
731 733
731 732
737 744
737 740
739 740
742 744
746 749
748 749
751 757
751 754
753 754
756 757
759 771
759 768
759 764
759 761
763 764
766 768
770 771
773 814
773 804
773 800
773 798
773 794
773 781
773 775
774 775
777 781
778 781
778 780
779 780
783 794
783 787
783 786
784 786
784 785
789 794
789 793
790 793
791 793
796 798
796 797
802 804
802 803
806 814
806 811
807 811
808 811
808 809
813 814
816 1281
816 831
816 818
816 817
820 831
820 826
820 824
820 823
820 822
821 822
828 831
828 829
833 1281
833 1083
833 894
833 835
833 834
837 894
837 888
837 850
837 839
838 839
841 850
842 850
842 843
845 850
845 848
847 848
852 888
852 878
852 870
852 869
852 853
855 869
856 869
856 860
856 857
859 860
862 869
864 869
864 867
864 866
872 878
873 878
873 875
877 878
880 888
880 881
883 888
883 886
883 884
890 894
890 893
890 892
896 1083
896 932
896 909
896 908
896 898
900 908
900 905
900 902
900 901
904 905
907 908
911 932
911 915
911 913
912 913
917 932
917 928
917 926
917 925
917 920
919 920
922 925
923 925
923 924
930 932
931 932
934 1083
934 981
934 979
934 949
934 943
934 939
934 937
935 937
936 937
941 943
942 943
945 949
947 949
948 949
951 979
951 978
951 965
951 961
951 957
951 953
952 953
955 957
959 961
959 960
963 965
963 964
967 978
967 968
970 978
970 976
972 976
973 976
973 975
973 974
983 1083
983 1012
983 1003
983 1000
983 988
984 988
984 987
984 985
990 1000
990 991
993 1000
995 1000
995 997
996 997
999 1000
1002 1003
1005 1012
1005 1011
1005 1007
1009 1011
1009 1010
1014 1083
1014 1048
1014 1030
1014 1026
1014 1020
1016 1020
1018 1020
1022 1026
1023 1026
1023 1024
1028 1030
1032 1048
1032 1035
1032 1033
1037 1048
1037 1045
1037 1041
1037 1038
1040 1041
1043 1045
1047 1048
1050 1083
1050 1065
1050 1058
1050 1056
1050 1052
1054 1056
1055 1056
1060 1065
1060 1064
1060 1062
1061 1062
1067 1083
1067 1082
1067 1077
1067 1071
1067 1068
1070 1071
1073 1077
1074 1077
1076 1077
1079 1082
1080 1082
1080 1081
1085 1281
1085 1266
1085 1216
1085 1092
1085 1086
1088 1092
1090 1092
1090 1091
1094 1216
1094 1107
1094 1098
1094 1097
1096 1097
1100 1107
1100 1105
1100 1103
1101 1103
1102 1103
1109 1216
1109 1190
1109 1187
1109 1120
1110 1120
1110 1114
1110 1112
1111 1112
1116 1120
1118 1120
1119 1120
1122 1187
1122 1163
1122 1138
1122 1127
1122 1125
1123 1125
1123 1124
1129 1138
1129 1135
1129 1130
1132 1135
1133 1135
1137 1138
1140 1163
1142 1163
1142 1152
1143 1152
1143 1150
1143 1148
1145 1148
1147 1148
1154 1163
1154 1160
1155 1160
1155 1156
1158 1160
1162 1163
1165 1187
1165 1184
1167 1184
1167 1175
1167 1174
1169 1174
1169 1172
1170 1172
1170 1171
1177 1184
1177 1178
1180 1184
1182 1184
1186 1187
1189 1190
1192 1216
1192 1208
1192 1201
1193 1201
1193 1196
1193 1195
1193 1194
1198 1201
1199 1201
1203 1208
1203 1204
1206 1208
1207 1208
1210 1216
1211 1216
1211 1215
1212 1215
1214 1215
1218 1266
1218 1260
1218 1223
1218 1222
1220 1222
1221 1222
1225 1260
1225 1231
1225 1229
1225 1227
1225 1226
1233 1260
1235 1260
1235 1252
1235 1246
1237 1246
1237 1244
1237 1240
1239 1240
1242 1244
1243 1244
1248 1252
1248 1251
1248 1250
1249 1250
1254 1260
1254 1257
1254 1256
1254 1255
1259 1260
1262 1266
1262 1263
1265 1266
1268 1281
1268 1279
1268 1277
1268 1270
1272 1277
1272 1275
1272 1274
1272 1273
1283 5738
1283 2146
1283 1438
1283 1292
1283 1289
1283 1287
1283 1285
1284 1285
1291 1292
1294 1438
1294 1330
1294 1298
1294 1297
1294 1295
1300 1330
1300 1326
1300 1325
1300 1317
1300 1308
1300 1301
1303 1308
1304 1308
1305 1308
1306 1308
1306 1307
1310 1317
1310 1313
1310 1311
1315 1317
1315 1316
1319 1325
1319 1324
1319 1321
1319 1320
1323 1324
1328 1330
1332 1438
1332 1415
1332 1354
1332 1341
1334 1341
1334 1335
1337 1341
1337 1339
1337 1338
1343 1354
1343 1346
1343 1344
1348 1354
1348 1351
1350 1351
1353 1354
1356 1415
1356 1395
1356 1389
1356 1361
1356 1360
1357 1360
1357 1358
1363 1389
1363 1366
1365 1366
1368 1389
1368 1387
1368 1374
1368 1371
1370 1371
1373 1374
1376 1387
1376 1382
1376 1379
1376 1378
1381 1382
1384 1387
1384 1386
1384 1385
1391 1395
1392 1395
1392 1394
1392 1393
1397 1415
1397 1411
1397 1402
1397 1401
1397 1399
1404 1411
1404 1410
1406 1410
1406 1407
1409 1410
1413 1415
1417 1438
1417 1425
1418 1425
1418 1423
1420 1423
1421 1423
1422 1423
1427 1438
1427 1430
1429 1430
1432 1438
1432 1433
1435 1438
1436 1438
1436 1437
1440 2146
1440 1516
1440 1466
1441 1466
1441 1445
1443 1445
1447 1466
1447 1463
1447 1452
1447 1449
1451 1452
1454 1463
1455 1463
1455 1460
1455 1456
1458 1460
1462 1463
1465 1466
1468 1516
1468 1470
1472 1516
1472 1514
1474 1514
1475 1514
1475 1503
1475 1488
1475 1483
1475 1478
1477 1478
1480 1483
1482 1483
1485 1488
1486 1488
1486 1487
1490 1503
1491 1503
1492 1503
1492 1501
1494 1501
1494 1495
1497 1501
1498 1501
1498 1499
1505 1514
1505 1512
1507 1512
1507 1509
1511 1512
1518 2146
1518 1669
1518 1559
1518 1543
1518 1535
1518 1534
1518 1528
1518 1519
1521 1528
1521 1527
1521 1523
1521 1522
1525 1527
1530 1534
1530 1531
1533 1534
1537 1543
1538 1543
1539 1543
1539 1540
1542 1543
1545 1559
1545 1551
1546 1551
1546 1549
1548 1549
1553 1559
1553 1554
1556 1559
1558 1559
1561 1669
1561 1596
1561 1562
1564 1596
1564 1578
1564 1576
1564 1566
1568 1576
1568 1574
1570 1574
1570 1573
1572 1573
1580 1596
1580 1594
1580 1584
1580 1581
1583 1584
1586 1594
1586 1589
1586 1588
1586 1587
1591 1594
1591 1592
1598 1669
1600 1669
1600 1650
1600 1618
1602 1618
1602 1615
1604 1615
1604 1605
1607 1615
1607 1611
1607 1610
1607 1609
1607 1608
1613 1615
1617 1618
1620 1650
1620 1633
1620 1626
1620 1622
1624 1626
1625 1626
1628 1633
1628 1630
1629 1630
1632 1633
1635 1650
1635 1649
1635 1648
1635 1644
1635 1636
1638 1644
1640 1644
1640 1641
1643 1644
1646 1648
1646 1647
1652 1669
1652 1662
1652 1654
1652 1653
1656 1662
1656 1660
1656 1658
1664 1669
1664 1667
1664 1666
1671 2146
1671 1675
1671 1674
1671 1673
1677 2146
1677 2108
1677 1905
1677 1700
1677 1693
1677 1678
1680 1693
1680 1689
1680 1687
1681 1687
1682 1687
1682 1684
1686 1687
1691 1693
1692 1693
1695 1700
1695 1696
1698 1700
1702 1905
1702 1831
1702 1809
1702 1807
1702 1709
1702 1703
1705 1709
1705 1706
1708 1709
1711 1807
1711 1734
1711 1727
1711 1719
1711 1716
1711 1712
1714 1716
1715 1716
1718 1719
1721 1727
1721 1726
1721 1723
1721 1722
1725 1726
1729 1734
1729 1730
1732 1734
1733 1734
1736 1807
1736 1799
1736 1797
1736 1781
1736 1768
1736 1760
1736 1759
1736 1739
1738 1739
1741 1759
1741 1750
1743 1750
1743 1747
1743 1746
1743 1745
1744 1745
1749 1750
1752 1759
1752 1757
1753 1757
1754 1757
1754 1755
1762 1768
1762 1766
1763 1766
1765 1766
1770 1781
1771 1781
1771 1772
1774 1781
1774 1775
1777 1781
1777 1780
1779 1780
1783 1797
1783 1794
1783 1789
1783 1788
1783 1787
1783 1785
1783 1784
1791 1794
1791 1792
1796 1797
1801 1807
1801 1802
1804 1807
1804 1806
1811 1831
1811 1830
1811 1815
1811 1812
1814 1815
1817 1830
1817 1826
1817 1825
1817 1818
1820 1825
1822 1825
1822 1823
1828 1830
1833 1905
1833 1840
1834 1840
1834 1835
1837 1840
1837 1839
1842 1905
1842 1876
1842 1843
1845 1876
1845 1856
1845 1849
1845 1846
1848 1849
1851 1856
1852 1856
1852 1854
1858 1876
1858 1859
1861 1876
1861 1871
1863 1871
1863 1870
1863 1869
1863 1866
1864 1866
1864 1865
1868 1869
1873 1876
1873 1875
1874 1875
1878 1905
1878 1887
1879 1887
1879 1884
1879 1880
1882 1884
1886 1887
1889 1905
1889 1890
1892 1905
1892 1894
1896 1905
1896 1899
1898 1899
1901 1905
1901 1902
1904 1905
1907 2108
1907 2102
1907 1998
1907 1928
1907 1912
1907 1909
1908 1909
1911 1912
1914 1928
1914 1915
1917 1928
1917 1918
1920 1928
1922 1928
1922 1924
1926 1928
1927 1928
1930 1998
1930 1974
1930 1961
1930 1937
1930 1933
1930 1932
1931 1932
1935 1937
1935 1936
1939 1961
1939 1952
1939 1940
1942 1952
1942 1950
1943 1950
1943 1945
1944 1945
1947 1950
1947 1949
1954 1961
1954 1959
1954 1957
1955 1957
1963 1974
1963 1972
1963 1966
1963 1965
1964 1965
1968 1972
1968 1971
1968 1969
1976 1998
1976 1978
1980 1998
1980 1995
1980 1993
1980 1983
1980 1981
1985 1993
1985 1986
1988 1993
1988 1990
1992 1993
1997 1998
2000 2102
2000 2015
2002 2015
2002 2004
2006 2015
2006 2008
2010 2015
2010 2013
2010 2012
2010 2011
2017 2102
2017 2060
2018 2060
2018 2038
2018 2020
2018 2019
2022 2038
2022 2030
2022 2026
2022 2025
2023 2025
2028 2030
2028 2029
2032 2038
2032 2037
2032 2036
2033 2036
2034 2036
2034 2035
2040 2060
2040 2043
2040 2042
2045 2060
2045 2051
2045 2048
2047 2048
2050 2051
2053 2060
2053 2058
2055 2058
2055 2056
2062 2102
2062 2069
2064 2069
2066 2069
2068 2069
2071 2102
2071 2092
2073 2092
2073 2077
2075 2077
2079 2092
2079 2084
2079 2081
2079 2080
2083 2084
2086 2092
2086 2087
2089 2092
2091 2092
2094 2102
2094 2095
2097 2102
2097 2100
2097 2098
2104 2108
2104 2106
2110 2146
2112 2146
2112 2116
2113 2116
2115 2116
2118 2146
2118 2131
2118 2126
2118 2120
2122 2126
2122 2123
2125 2126
2128 2131
2128 2130
2133 2146
2135 2146
2136 2146
2136 2145
2136 2139
2138 2139
2141 2145
2142 2145
2144 2145
2148 5738
2148 3679
2148 2869
2148 2180
2148 2166
2148 2152
2150 2152
2150 2151
2154 2166
2154 2164
2154 2161
2154 2155
2157 2161
2159 2161
2160 2161
2163 2164
2168 2180
2168 2177
2168 2173
2168 2169
2171 2173
2171 2172
2175 2177
2175 2176
2179 2180
2182 2869
2182 2337
2182 2278
2182 2252
2182 2191
2182 2187
2182 2186
2182 2183
2185 2186
2189 2191
2193 2252
2193 2223
2193 2197
2193 2196
2195 2196
2199 2223
2199 2219
2199 2217
2199 2202
2199 2201
2204 2217
2205 2217
2205 2207
2206 2207
2209 2217
2209 2212
2209 2211
2214 2217
2214 2216
2221 2223
2221 2222
2225 2252
2225 2238
2226 2238
2227 2238
2227 2228
2230 2238
2230 2232
2230 2231
2234 2238
2235 2238
2235 2236
2240 2252
2240 2247
2240 2242
2244 2247
2244 2246
2245 2246
2249 2252
2249 2251
2250 2251
2254 2278
2254 2272
2254 2268
2256 2268
2256 2266
2256 2263
2256 2258
2256 2257
2260 2263
2260 2261
2265 2266
2270 2272
2274 2278
2274 2275
2277 2278
2280 2337
2280 2329
2280 2306
2280 2286
2282 2286
2284 2286
2288 2306
2288 2301
2288 2289
2291 2301
2291 2300
2291 2292
2294 2300
2294 2298
2296 2298
2303 2306
2304 2306
2305 2306
2308 2329
2308 2328
2309 2328
2309 2322
2309 2315
2309 2313
2309 2312
2309 2310
2317 2322
2318 2322
2318 2321
2318 2320
2318 2319
2324 2328
2325 2328
2325 2327
2325 2326
2331 2337
2331 2334
2333 2334
2336 2337
2339 2869
2339 2783
2339 2415
2339 2354
2339 2352
2339 2351
2339 2343
2341 2343
2345 2351
2345 2346
2348 2351
2349 2351
2350 2351
2356 2415
2357 2415
2357 2400
2357 2390
2357 2387
2357 2358
2360 2387
2360 2361
2363 2387
2363 2374
2363 2365
2367 2374
2367 2369
2367 2368
2371 2374
2373 2374
2376 2387
2376 2384
2376 2378
2380 2384
2382 2384
2383 2384
2386 2387
2389 2390
2392 2400
2392 2398
2392 2393
2395 2398
2397 2398
2402 2415
2402 2406
2403 2406
2404 2406
2404 2405
2408 2415
2408 2410
2412 2415
2412 2414
2417 2783
2417 2464
2417 2433
2417 2430
2417 2422
2419 2422
2420 2422
2424 2430
2425 2430
2425 2428
2426 2428
2427 2428
2432 2433
2435 2464
2435 2442
2435 2441
2435 2439
2437 2439
2444 2464
2444 2459
2446 2459
2446 2453
2446 2451
2448 2451
2448 2449
2455 2459
2456 2459
2458 2459
2461 2464
2461 2462
2466 2783
2466 2587
2466 2507
2466 2467
2469 2507
2469 2500
2469 2487
2470 2487
2470 2479
2472 2479
2474 2479
2474 2478
2474 2476
2481 2487
2481 2486
2481 2483
2482 2483
2485 2486
2489 2500
2489 2499
2489 2493
2489 2492
2489 2491
2490 2491
2495 2499
2495 2497
2495 2496
2502 2507
2502 2504
2506 2507
2509 2587
2509 2577
2509 2545
2509 2537
2509 2530
2509 2524
2509 2520
2509 2516
2509 2512
2509 2510
2514 2516
2515 2516
2518 2520
2518 2519
2522 2524
2522 2523
2526 2530
2526 2529
2526 2528
2527 2528
2532 2537
2533 2537
2533 2536
2533 2535
2534 2535
2539 2545
2539 2541
2539 2540
2543 2545
2544 2545
2547 2577
2547 2555
2547 2548
2550 2555
2552 2555
2554 2555
2557 2577
2557 2566
2557 2564
2557 2563
2558 2563
2560 2563
2562 2563
2568 2577
2568 2569
2571 2577
2571 2576
2571 2575
2571 2572
2574 2575
2579 2587
2579 2580
2582 2587
2582 2584
2582 2583
2586 2587
2589 2783
2589 2737
2589 2718
2589 2695
2589 2659
2589 2650
2589 2629
2589 2617
2589 2602
2589 2600
2589 2599
2590 2599
2590 2596
2590 2593
2590 2592
2590 2591
2595 2596
2598 2599
2604 2617
2604 2605
2607 2617
2607 2612
2607 2610
2607 2608
2614 2617
2614 2616
2615 2616
2619 2629
2619 2623
2619 2622
2621 2622
2625 2629
2627 2629
2628 2629
2631 2650
2632 2650
2632 2643
2632 2637
2632 2635
2632 2634
2632 2633
2639 2643
2639 2642
2639 2640
2645 2650
2645 2648
2645 2646
2652 2659
2654 2659
2654 2656
2654 2655
2658 2659
2661 2695
2661 2679
2661 2667
2662 2667
2662 2666
2662 2663
2665 2666
2669 2679
2669 2677
2671 2677
2672 2677
2674 2677
2676 2677
2681 2695
2681 2686
2681 2685
2681 2682
2684 2685
2688 2695
2690 2695
2690 2692
2690 2691
2694 2695
2697 2718
2698 2718
2698 2703
2698 2700
2699 2700
2702 2703
2705 2718
2705 2714
2705 2712
2706 2712
2706 2707
2709 2712
2711 2712
2716 2718
2717 2718
2720 2737
2720 2724
2720 2722
2721 2722
2726 2737
2728 2737
2728 2731
2728 2730
2733 2737
2735 2737
2735 2736
2739 2783
2739 2780
2739 2744
2739 2740
2742 2744
2742 2743
2746 2780
2746 2751
2746 2749
2747 2749
2748 2749
2753 2780
2753 2756
2755 2756
2758 2780
2758 2767
2758 2759
2761 2767
2761 2766
2761 2763
2765 2766
2769 2780
2769 2774
2769 2772
2769 2770
2776 2780
2776 2779
2778 2779
2782 2783
2785 2869
2785 2863
2785 2841
2785 2836
2786 2836
2786 2811
2786 2799
2786 2796
2786 2794
2788 2794
2788 2789
2791 2794
2791 2792
2798 2799
2801 2811
2801 2803
2802 2803
2805 2811
2807 2811
2807 2810
2807 2809
2813 2836
2813 2829
2813 2822
2815 2822
2815 2820
2815 2818
2815 2817
2816 2817
2824 2829
2824 2827
2826 2827
2831 2836
2831 2835
2833 2835
2834 2835
2838 2841
2838 2840
2839 2840
2843 2863
2843 2844
2846 2863
2846 2852
2846 2850
2846 2848
2846 2847
2854 2863
2854 2855
2857 2863
2857 2861
2859 2861
2865 2869
2865 2867
2865 2866
2871 3679
2871 3166
2871 3068
2871 2991
2871 2888
2873 2888
2873 2878
2873 2874
2876 2878
2880 2888
2881 2888
2881 2884
2881 2882
2886 2888
2886 2887
2890 2991
2890 2942
2890 2892
2890 2891
2894 2942
2894 2901
2895 2901
2895 2899
2895 2896
2898 2899
2903 2942
2903 2916
2903 2910
2903 2908
2903 2907
2903 2904
2906 2907
2912 2916
2912 2915
2912 2914
2918 2942
2918 2927
2918 2923
2918 2919
2921 2923
2921 2922
2925 2927
2929 2942
2930 2942
2930 2935
2930 2933
2930 2931
2937 2942
2937 2941
2937 2940
2937 2939
2937 2938
2944 2991
2944 2990
2944 2972
2944 2955
2944 2947
2944 2946
2945 2946
2949 2955
2949 2951
2953 2955
2953 2954
2957 2972
2957 2971
2957 2964
2957 2960
2957 2959
2962 2964
2966 2971
2966 2968
2966 2967
2970 2971
2974 2990
2974 2976
2978 2990
2979 2990
2979 2980
2982 2990
2984 2990
2985 2990
2985 2989
2985 2987
2985 2986
2993 3068
2993 3046
2993 3013
2993 3009
2993 3001
2993 2994
2996 3001
2996 2999
2996 2997
3003 3009
3003 3008
3003 3004
3006 3008
3007 3008
3011 3013
3011 3012
3015 3046
3015 3028
3015 3019
3015 3018
3015 3017
3016 3017
3021 3028
3021 3027
3021 3022
3024 3027
3026 3027
3030 3046
3030 3031
3033 3046
3035 3046
3035 3040
3035 3038
3035 3037
3036 3037
3042 3046
3042 3043
3045 3046
3048 3068
3050 3068
3050 3067
3050 3062
3052 3062
3052 3060
3053 3060
3055 3060
3055 3057
3055 3056
3059 3060
3064 3067
3065 3067
3070 3166
3070 3111
3070 3101
3071 3101
3071 3090
3071 3083
3071 3077
3071 3073
3075 3077
3075 3076
3079 3083
3081 3083
3081 3082
3085 3090
3085 3089
3086 3089
3087 3089
3092 3101
3092 3099
3094 3099
3096 3099
3098 3099
3103 3111
3103 3109
3104 3109
3104 3108
3106 3108
3107 3108
3113 3166
3113 3159
3113 3136
3115 3136
3116 3136
3116 3126
3116 3117
3119 3126
3119 3122
3119 3120
3124 3126
3124 3125
3128 3136
3130 3136
3130 3132
3130 3131
3134 3136
3138 3159
3138 3147
3138 3144
3140 3144
3140 3142
3146 3147
3149 3159
3149 3150
3152 3159
3152 3157
3152 3154
3153 3154
3156 3157
3161 3166
3161 3163
3161 3162
3165 3166
3168 3679
3168 3279
3168 3179
3169 3179
3169 3177
3170 3177
3170 3175
3172 3175
3173 3175
3181 3279
3181 3240
3181 3212
3181 3200
3181 3197
3181 3185
3183 3185
3183 3184
3187 3197
3187 3195
3187 3190
3187 3189
3187 3188
3192 3195
3194 3195
3199 3200
3202 3212
3202 3210
3202 3205
3202 3204
3202 3203
3207 3210
3208 3210
3214 3240
3215 3240
3215 3225
3215 3220
3216 3220
3218 3220
3222 3225
3224 3225
3227 3240
3227 3238
3229 3238
3229 3234
3229 3233
3231 3233
3232 3233
3236 3238
3237 3238
3242 3279
3242 3267
3242 3243
3245 3267
3245 3248
3245 3246
3250 3267
3250 3260
3251 3260
3251 3256
3251 3252
3254 3256
3255 3256
3258 3260
3259 3260
3262 3267
3263 3267
3264 3267
3266 3267
3269 3279
3269 3274
3271 3274
3273 3274
3276 3279
3276 3277
3281 3679
3281 3307
3281 3296
3281 3290
3281 3286
3281 3283
3282 3283
3285 3286
3288 3290
3289 3290
3292 3296
3293 3296
3293 3294
3298 3307
3298 3299
3301 3307
3301 3304
3303 3304
3306 3307
3309 3679
3309 3557
3309 3371
3309 3312
3309 3310
3314 3371
3314 3316
3314 3315
3318 3371
3318 3370
3318 3361
3318 3325
3320 3325
3322 3325
3324 3325
3327 3361
3327 3348
3327 3330
3327 3328
3332 3348
3332 3340
3332 3334
3336 3340
3338 3340
3339 3340
3342 3348
3344 3348
3344 3345
3347 3348
3350 3361
3350 3354
3351 3354
3351 3352
3356 3361
3358 3361
3358 3359
3363 3370
3363 3367
3363 3364
3366 3367
3369 3370
3373 3557
3373 3420
3373 3375
3374 3375
3377 3420
3377 3383
3377 3380
3377 3378
3382 3383
3385 3420
3385 3406
3387 3406
3387 3392
3388 3392
3388 3389
3391 3392
3394 3406
3394 3404
3396 3404
3398 3404
3398 3401
3398 3400
3398 3399
3403 3404
3408 3420
3408 3413
3408 3411
3410 3411
3415 3420
3415 3419
3415 3417
3416 3417
3422 3557
3422 3478
3422 3450
3422 3447
3422 3434
3422 3433
3422 3432
3422 3423
3425 3432
3427 3432
3427 3428
3430 3432
3436 3447
3438 3447
3438 3444
3438 3440
3438 3439
3442 3444
3443 3444
3446 3447
3449 3450
3452 3478
3452 3462
3452 3458
3454 3458
3454 3456
3460 3462
3464 3478
3464 3472
3464 3465
3467 3472
3467 3469
3468 3469
3471 3472
3474 3478
3475 3478
3476 3478
3476 3477
3480 3557
3480 3530
3480 3505
3481 3505
3481 3496
3481 3486
3481 3482
3484 3486
3488 3496
3488 3491
3490 3491
3493 3496
3493 3495
3493 3494
3498 3505
3498 3501
3499 3501
3500 3501
3503 3505
3504 3505
3507 3530
3507 3515
3507 3509
3511 3515
3512 3515
3513 3515
3514 3515
3517 3530
3518 3530
3520 3530
3520 3524
3520 3523
3520 3522
3520 3521
3526 3530
3528 3530
3529 3530
3532 3557
3532 3538
3532 3536
3532 3533
3535 3536
3540 3557
3541 3557
3541 3542
3544 3557
3544 3549
3545 3549
3545 3548
3545 3546
3551 3557
3553 3557
3553 3554
3556 3557
3559 3679
3559 3594
3559 3568
3559 3564
3560 3564
3562 3564
3562 3563
3566 3568
3570 3594
3570 3591
3570 3583
3570 3573
3572 3573
3575 3583
3575 3580
3575 3576
3578 3580
3578 3579
3582 3583
3585 3591
3585 3587
3585 3586
3589 3591
3590 3591
3593 3594
3596 3679
3596 3669
3596 3636
3596 3622
3596 3621
3596 3614
3596 3604
3598 3604
3598 3603
3598 3601
3600 3601
3606 3614
3608 3614
3608 3609
3611 3614
3611 3612
3616 3621
3618 3621
3619 3621
3620 3621
3624 3636
3624 3628
3625 3628
3625 3626
3630 3636
3630 3631
3633 3636
3633 3635
3633 3634
3638 3669
3638 3643
3639 3643
3641 3643
3641 3642
3645 3669
3645 3647
3649 3669
3649 3662
3650 3662
3650 3655
3650 3652
3654 3655
3657 3662
3657 3660
3659 3660
3664 3669
3666 3669
3667 3669
3668 3669
3671 3679
3673 3679
3675 3679
3677 3679
3678 3679
3681 5738
3681 4357
3681 3789
3681 3699
3681 3697
3681 3685
3681 3682
3684 3685
3687 3697
3687 3695
3687 3689
3691 3695
3691 3692
3694 3695
3701 3789
3701 3780
3701 3762
3701 3752
3701 3724
3703 3724
3703 3704
3706 3724
3706 3711
3707 3711
3707 3708
3710 3711
3713 3724
3713 3719
3715 3719
3715 3717
3721 3724
3723 3724
3726 3752
3726 3733
3726 3731
3726 3727
3729 3731
3729 3730
3735 3752
3735 3749
3735 3742
3735 3739
3735 3737
3741 3742
3744 3749
3745 3749
3745 3747
3746 3747
3751 3752
3754 3762
3754 3758
3756 3758
3757 3758
3760 3762
3760 3761
3764 3780
3764 3771
3764 3768
3764 3767
3764 3766
3764 3765
3770 3771
3773 3780
3773 3778
3773 3776
3775 3776
3782 3789
3784 3789
3784 3787
3786 3787
3791 4357
3791 4343
3791 3807
3791 3797
3791 3796
3793 3796
3794 3796
3795 3796
3799 3807
3799 3806
3799 3805
3799 3801
3803 3805
3809 4343
3809 3928
3809 3919
3811 3919
3811 3876
3811 3826
3811 3819
3811 3815
3812 3815
3814 3815
3817 3819
3817 3818
3821 3826
3822 3826
3822 3825
3824 3825
3828 3876
3828 3846
3828 3845
3828 3838
3828 3833
3828 3832
3828 3831
3828 3830
3829 3830
3835 3838
3835 3837
3840 3845
3840 3842
3844 3845
3848 3876
3848 3872
3848 3864
3848 3854
3848 3851
3848 3849
3853 3854
3856 3864
3857 3864
3857 3858
3860 3864
3860 3863
3862 3863
3866 3872
3866 3869
3868 3869
3871 3872
3874 3876
3875 3876
3878 3919
3878 3891
3879 3891
3879 3883
3881 3883
3882 3883
3885 3891
3885 3888
3886 3888
3886 3887
3890 3891
3893 3919
3893 3915
3893 3911
3895 3911
3895 3898
3896 3898
3896 3897
3900 3911
3900 3902
3904 3911
3904 3907
3906 3907
3909 3911
3910 3911
3913 3915
3913 3914
3917 3919
3918 3919
3921 3928
3921 3922
3924 3928
3925 3928
3926 3928
3927 3928
3930 4343
3930 3956
3930 3944
3931 3944
3931 3942
3931 3934
3931 3932
3936 3942
3936 3940
3936 3937
3939 3940
3946 3956
3946 3947
3949 3956
3950 3956
3950 3955
3950 3952
3954 3955
3958 4343
3958 3988
3958 3972
3959 3972
3959 3968
3959 3965
3959 3962
3959 3961
3960 3961
3964 3965
3967 3968
3970 3972
3974 3988
3974 3981
3974 3980
3974 3976
3978 3980
3983 3988
3983 3985
3987 3988
3990 4343
3990 4082
3990 4018
3990 4011
3990 3991
3993 4011
3993 4004
3993 3998
3993 3996
3994 3996
3995 3996
4000 4004
4000 4003
4002 4003
4006 4011
4007 4011
4007 4009
4008 4009
4013 4018
4013 4016
4014 4016
4020 4082
4020 4043
4020 4031
4021 4031
4021 4028
4023 4028
4024 4028
4025 4028
4025 4027
4026 4027
4030 4031
4033 4043
4033 4038
4033 4036
4033 4035
4040 4043
4040 4042
4040 4041
4045 4082
4045 4050
4045 4048
4046 4048
4046 4047
4052 4082
4052 4079
4052 4059
4052 4058
4052 4057
4054 4057
4055 4057
4055 4056
4061 4079
4061 4074
4061 4068
4063 4068
4065 4068
4067 4068
4070 4074
4071 4074
4073 4074
4076 4079
4078 4079
4081 4082
4084 4343
4084 4096
4084 4093
4084 4085
4087 4093
4087 4088
4090 4093
4090 4091
4095 4096
4098 4343
4098 4156
4098 4155
4098 4112
4098 4105
4098 4104
4098 4102
4098 4101
4098 4100
4099 4100
4107 4112
4107 4110
4107 4109
4114 4155
4114 4145
4114 4135
4114 4128
4114 4116
4118 4128
4118 4125
4118 4124
4118 4120
4122 4124
4123 4124
4127 4128
4130 4135
4130 4132
4134 4135
4137 4145
4137 4141
4137 4139
4138 4139
4143 4145
4143 4144
4147 4155
4147 4154
4147 4152
4147 4149
4147 4148
4151 4152
4158 4343
4158 4206
4158 4163
4158 4160
4159 4160
4162 4163
4165 4206
4165 4167
4169 4206
4169 4186
4169 4175
4169 4173
4169 4171
4177 4186
4177 4182
4177 4179
4177 4178
4181 4182
4184 4186
4188 4206
4188 4197
4188 4194
4188 4193
4188 4189
4191 4193
4196 4197
4199 4206
4199 4201
4200 4201
4203 4206
4203 4204
4208 4343
4208 4217
4208 4211
4209 4211
4213 4217
4215 4217
4215 4216
4219 4343
4219 4287
4219 4242
4219 4233
4219 4221
4219 4220
4223 4233
4223 4229
4225 4229
4225 4227
4226 4227
4231 4233
4232 4233
4235 4242
4236 4242
4238 4242
4238 4241
4238 4240
4239 4240
4244 4287
4244 4249
4244 4246
4248 4249
4251 4287
4251 4257
4253 4257
4253 4254
4256 4257
4259 4287
4259 4286
4259 4271
4259 4261
4260 4261
4263 4271
4263 4270
4263 4268
4263 4267
4264 4267
4264 4266
4265 4266
4273 4286
4273 4285
4273 4275
4274 4275
4277 4285
4277 4280
4279 4280
4282 4285
4284 4285
4289 4343
4289 4307
4289 4298
4289 4290
4292 4298
4294 4298
4295 4298
4295 4297
4296 4297
4300 4307
4300 4302
4304 4307
4304 4306
4309 4343
4309 4328
4309 4316
4309 4310
4312 4316
4313 4316
4313 4315
4318 4328
4318 4320
4322 4328
4324 4328
4325 4328
4325 4327
4326 4327
4330 4343
4330 4338
4330 4336
4330 4333
4332 4333
4335 4336
4340 4343
4342 4343
4345 4357
4345 4353
4345 4349
4345 4348
4345 4347
4346 4347
4351 4353
4351 4352
4355 4357
4355 4356
4359 5738
4359 5309
4359 4769
4359 4614
4359 4515
4359 4473
4359 4384
4359 4382
4359 4364
4360 4364
4362 4364
4363 4364
4366 4382
4366 4378
4366 4376
4367 4376
4368 4376
4368 4375
4368 4370
4368 4369
4372 4375
4373 4375
4373 4374
4380 4382
4386 4473
4386 4431
4386 4415
4386 4394
4387 4394
4387 4391
4387 4389
4387 4388
4393 4394
4396 4415
4396 4406
4396 4397
4399 4406
4399 4405
4401 4405
4402 4405
4402 4403
4408 4415
4408 4413
4409 4413
4410 4413
4410 4412
4411 4412
4417 4431
4417 4421
4419 4421
4419 4420
4423 4431
4423 4427
4424 4427
4425 4427
4425 4426
4429 4431
4429 4430
4433 4473
4433 4461
4433 4459
4433 4439
4434 4439
4434 4435
4437 4439
4441 4459
4443 4459
4443 4447
4444 4447
4445 4447
4445 4446
4449 4459
4449 4453
4451 4453
4452 4453
4455 4459
4455 4457
4463 4473
4463 4467
4463 4464
4466 4467
4469 4473
4469 4472
4469 4471
4469 4470
4475 4515
4475 4491
4475 4490
4475 4486
4476 4486
4476 4481
4477 4481
4477 4480
4478 4480
4478 4479
4483 4486
4483 4485
4483 4484
4488 4490
4488 4489
4493 4515
4493 4506
4493 4504
4493 4499
4493 4498
4493 4497
4493 4495
4494 4495
4501 4504
4502 4504
4503 4504
4508 4515
4508 4510
4512 4515
4512 4513
4517 4614
4517 4536
4517 4534
4517 4521
4517 4519
4517 4518
4523 4534
4523 4530
4523 4525
4523 4524
4527 4530
4527 4529
4527 4528
4532 4534
4532 4533
4538 4614
4538 4595
4538 4576
4538 4544
4538 4542
4539 4542
4539 4540
4546 4576
4546 4569
4546 4558
4546 4554
4548 4554
4548 4552
4549 4552
4549 4551
4550 4551
4556 4558
4560 4569
4561 4569
4561 4562
4564 4569
4564 4568
4564 4566
4565 4566
4571 4576
4571 4574
4572 4574
4578 4595
4578 4590
4580 4590
4580 4588
4580 4583
4580 4582
4585 4588
4585 4587
4585 4586
4592 4595
4593 4595
4597 4614
4597 4609
4597 4602
4597 4598
4600 4602
4601 4602
4604 4609
4604 4605
4607 4609
4608 4609
4611 4614
4612 4614
4612 4613
4616 4769
4616 4664
4616 4651
4616 4641
4616 4624
4616 4623
4616 4619
4616 4617
4621 4623
4622 4623
4626 4641
4626 4635
4627 4635
4627 4634
4627 4629
4627 4628
4631 4634
4633 4634
4637 4641
4638 4641
4639 4641
4639 4640
4643 4651
4643 4648
4643 4646
4644 4646
4644 4645
4650 4651
4653 4664
4653 4657
4653 4656
4653 4654
4659 4664
4659 4661
4663 4664
4666 4769
4666 4669
4666 4667
4671 4769
4671 4680
4671 4679
4671 4675
4671 4673
4671 4672
4677 4679
4677 4678
4682 4769
4682 4688
4682 4685
4684 4685
4687 4688
4690 4769
4690 4759
4691 4759
4691 4735
4691 4716
4691 4698
4691 4692
4694 4698
4694 4695
4697 4698
4700 4716
4700 4708
4701 4708
4701 4703
4702 4703
4705 4708
4705 4706
4710 4716
4710 4711
4713 4716
4713 4715
4713 4714
4718 4735
4718 4722
4719 4722
4720 4722
4720 4721
4724 4735
4724 4725
4727 4735
4727 4730
4727 4728
4732 4735
4734 4735
4737 4759
4737 4758
4737 4756
4737 4754
4737 4753
4737 4752
4737 4750
4739 4750
4739 4745
4739 4740
4742 4745
4743 4745
4747 4750
4748 4750
4761 4769
4761 4764
4761 4763
4766 4769
4767 4769
4771 5309
4771 5212
4771 4942
4771 4855
4771 4806
4771 4794
4771 4782
4771 4777
4771 4775
4773 4775
4779 4782
4780 4782
4781 4782
4784 4794
4784 4792
4784 4788
4786 4788
4786 4787
4790 4792
4796 4806
4796 4799
4797 4799
4801 4806
4801 4804
4801 4802
4808 4855
4808 4809
4811 4855
4811 4823
4811 4812
4814 4823
4814 4819
4814 4818
4814 4817
4816 4817
4821 4823
4821 4822
4825 4855
4825 4839
4825 4829
4825 4828
4826 4828
4827 4828
4831 4839
4831 4836
4833 4836
4835 4836
4838 4839
4841 4855
4841 4849
4841 4845
4842 4845
4844 4845
4847 4849
4847 4848
4851 4855
4851 4853
4857 4942
4857 4929
4857 4875
4859 4875
4859 4873
4859 4868
4859 4862
4859 4860
4864 4868
4864 4866
4870 4873
4870 4871
4877 4929
4877 4918
4877 4913
4877 4909
4877 4890
4877 4883
4877 4879
4878 4879
4881 4883
4881 4882
4885 4890
4887 4890
4887 4889
4887 4888
4892 4909
4892 4902
4892 4896
4893 4896
4893 4894
4898 4902
4898 4900
4904 4909
4906 4909
4906 4908
4906 4907
4911 4913
4915 4918
4916 4918
4920 4929
4920 4925
4920 4923
4920 4921
4927 4929
4927 4928
4931 4942
4931 4936
4931 4935
4931 4933
4931 4932
4938 4942
4938 4940
4944 5212
4944 4998
4944 4964
4944 4948
4944 4946
4945 4946
4950 4964
4950 4951
4953 4964
4954 4964
4955 4964
4955 4958
4955 4957
4960 4964
4960 4963
4961 4963
4962 4963
4966 4998
4966 4980
4966 4975
4966 4968
4967 4968
4970 4975
4970 4974
4970 4971
4973 4974
4977 4980
4978 4980
4982 4998
4982 4989
4984 4989
4984 4988
4985 4988
4986 4988
4991 4998
4991 4997
4991 4994
4991 4993
4991 4992
4996 4997
5000 5212
5000 5033
5000 5015
5000 5012
5000 5004
5000 5003
5000 5002
5001 5002
5006 5012
5006 5007
5009 5012
5011 5012
5014 5015
5017 5033
5017 5029
5017 5020
5018 5020
5022 5029
5023 5029
5023 5025
5023 5024
5027 5029
5031 5033
5031 5032
5035 5212
5035 5137
5035 5123
5035 5100
5035 5062
5035 5037
5035 5036
5039 5062
5039 5048
5041 5048
5041 5047
5042 5047
5042 5045
5042 5043
5050 5062
5052 5062
5052 5055
5052 5054
5053 5054
5057 5062
5057 5061
5059 5061
5060 5061
5064 5100
5064 5067
5065 5067
5069 5100
5069 5097
5069 5087
5069 5083
5069 5071
5069 5070
5073 5083
5075 5083
5075 5082
5076 5082
5076 5081
5076 5079
5078 5079
5085 5087
5085 5086
5089 5097
5089 5096
5091 5096
5091 5094
5091 5092
5099 5100
5102 5123
5102 5112
5102 5108
5103 5108
5103 5106
5104 5106
5110 5112
5111 5112
5114 5123
5114 5121
5116 5121
5116 5119
5117 5119
5118 5119
5125 5137
5125 5130
5125 5126
5128 5130
5129 5130
5132 5137
5133 5137
5134 5137
5135 5137
5135 5136
5139 5212
5139 5174
5139 5170
5141 5170
5141 5156
5141 5147
5143 5147
5143 5144
5146 5147
5149 5156
5151 5156
5151 5153
5155 5156
5158 5170
5158 5162
5158 5159
5161 5162
5164 5170
5164 5168
5164 5167
5164 5165
5172 5174
5172 5173
5176 5212
5176 5193
5176 5181
5177 5181
5177 5178
5180 5181
5183 5193
5183 5192
5183 5190
5183 5189
5183 5187
5185 5187
5195 5212
5195 5205
5195 5204
5197 5204
5197 5199
5201 5204
5201 5203
5207 5212
5207 5209
5207 5208
5211 5212
5214 5309
5214 5283
5214 5272
5214 5232
5214 5227
5214 5223
5216 5223
5216 5221
5216 5219
5217 5219
5218 5219
5225 5227
5225 5226
5229 5232
5231 5232
5234 5272
5234 5263
5234 5251
5234 5235
5237 5251
5237 5246
5238 5246
5239 5246
5240 5246
5240 5241
5243 5246
5243 5245
5243 5244
5248 5251
5249 5251
5250 5251
5253 5263
5253 5258
5253 5254
5256 5258
5260 5263
5262 5263
5265 5272
5266 5272
5266 5270
5266 5269
5267 5269
5267 5268
5274 5283
5274 5279
5274 5278
5274 5277
5275 5277
5276 5277
5281 5283
5282 5283
5285 5309
5285 5289
5286 5289
5286 5287
5291 5309
5293 5309
5293 5295
5297 5309
5297 5305
5297 5301
5297 5298
5300 5301
5303 5305
5303 5304
5307 5309
5307 5308
5311 5738
5311 5403
5312 5403
5312 5342
5312 5315
5313 5315
5314 5315
5317 5342
5317 5326
5317 5318
5320 5326
5320 5321
5323 5326
5323 5324
5328 5342
5330 5342
5330 5336
5330 5332
5334 5336
5338 5342
5340 5342
5344 5403
5344 5399
5344 5368
5344 5361
5344 5356
5344 5348
5344 5346
5345 5346
5350 5356
5350 5354
5351 5354
5353 5354
5358 5361
5359 5361
5363 5368
5363 5366
5364 5366
5370 5399
5370 5392
5370 5373
5370 5372
5371 5372
5375 5392
5375 5377
5379 5392
5379 5387
5379 5384
5379 5381
5379 5380
5383 5384
5386 5387
5389 5392
5390 5392
5390 5391
5394 5399
5394 5396
5398 5399
5401 5403
5405 5738
5405 5596
5405 5532
5405 5509
5405 5426
5405 5423
5405 5412
5405 5410
5405 5409
5405 5406
5408 5409
5414 5423
5414 5420
5416 5420
5416 5418
5416 5417
5422 5423
5425 5426
5428 5509
5428 5435
5428 5430
5428 5429
5432 5435
5432 5433
5437 5509
5438 5509
5438 5452
5438 5451
5438 5445
5438 5444
5438 5442
5438 5441
5438 5439
5447 5451
5449 5451
5450 5451
5454 5509
5454 5497
5454 5459
5454 5455
5457 5459
5458 5459
5461 5497
5461 5475
5461 5464
5461 5462
5466 5475
5466 5472
5466 5471
5466 5470
5466 5469
5466 5468
5474 5475
5477 5497
5477 5489
5479 5489
5479 5483
5479 5481
5479 5480
5485 5489
5485 5488
5486 5488
5487 5488
5491 5497
5491 5495
5491 5494
5491 5493
5492 5493
5499 5509
5499 5501
5503 5509
5503 5506
5503 5505
5508 5509
5511 5532
5513 5532
5513 5528
5513 5515
5514 5515
5517 5528
5519 5528
5519 5522
5519 5520
5524 5528
5524 5525
5527 5528
5530 5532
5534 5596
5534 5575
5534 5559
5534 5557
5534 5550
5536 5550
5536 5548
5536 5546
5536 5539
5537 5539
5538 5539
5541 5546
5541 5542
5544 5546
5544 5545
5552 5557
5552 5554
5552 5553
5556 5557
5561 5575
5561 5568
5561 5565
5563 5565
5567 5568
5570 5575
5571 5575
5571 5574
5571 5573
5571 5572
5577 5596
5577 5593
5579 5593
5579 5590
5579 5580
5582 5590
5583 5590
5583 5589
5583 5585
5584 5585
5587 5589
5587 5588
5592 5593
5595 5596
5598 5738
5598 5732
5598 5682
5598 5654
5598 5622
5600 5622
5600 5620
5600 5612
5600 5608
5600 5604
5600 5602
5601 5602
5606 5608
5606 5607
5610 5612
5610 5611
5614 5620
5614 5618
5614 5616
5624 5654
5624 5639
5624 5631
5624 5630
5624 5626
5624 5625
5628 5630
5633 5639
5633 5634
5636 5639
5636 5638
5636 5637
5641 5654
5641 5653
5641 5644
5642 5644
5642 5643
5646 5653
5646 5650
5646 5648
5646 5647
5652 5653
5656 5682
5656 5674
5658 5674
5658 5667
5658 5664
5660 5664
5660 5662
5666 5667
5669 5674
5669 5671
5670 5671
5673 5674
5676 5682
5676 5677
5679 5682
5680 5682
5684 5732
5684 5688
5685 5688
5685 5687
5685 5686
5690 5732
5690 5718
5690 5713
5690 5693
5690 5691
5695 5713
5695 5701
5695 5699
5695 5697
5695 5696
5703 5713
5703 5705
5707 5713
5707 5710
5709 5710
5712 5713
5715 5718
5715 5717
5716 5717
5720 5732
5720 5724
5720 5721
5723 5724
5726 5732
5726 5730
5726 5729
5726 5727
5734 5738
5734 5737
5735 5737
5740 5790
5740 5765
5740 5753
5740 5746
5740 5745
5740 5744
5741 5744
5741 5742
5748 5753
5748 5750
5749 5750
5752 5753
5755 5765
5757 5765
5757 5758
5760 5765
5760 5761
5763 5765
5763 5764
5767 5790
5768 5790
5768 5779
5768 5771
5768 5769
5773 5779
5773 5777
5775 5777
5775 5776
5781 5790
5781 5783
5781 5782
5785 5790
5787 5790
5789 5790
5792 9267
5792 9189
5792 7264
5792 6065
5793 6065
5793 5828
5793 5805
5793 5799
5793 5797
5793 5795
5793 5794
5801 5805
5803 5805
5807 5828
5807 5815
5807 5809
5807 5808
5811 5815
5811 5813
5812 5813
5817 5828
5817 5826
5817 5819
5821 5826
5821 5825
5821 5823
5821 5822
5830 6065
5830 6034
5830 5836
5830 5831
5833 5836
5834 5836
5834 5835
5838 6034
5838 5965
5838 5904
5840 5904
5840 5875
5840 5864
5840 5863
5840 5853
5840 5841
5843 5853
5843 5846
5843 5844
5848 5853
5850 5853
5850 5851
5855 5863
5857 5863
5857 5860
5857 5859
5857 5858
5862 5863
5866 5875
5866 5874
5868 5874
5868 5870
5869 5870
5872 5874
5877 5904
5877 5892
5877 5887
5877 5882
5877 5881
5877 5880
5878 5880
5878 5879
5884 5887
5885 5887
5886 5887
5889 5892
5891 5892
5894 5904
5894 5902
5896 5902
5896 5897
5899 5902
5899 5900
5906 5965
5906 5955
5906 5938
5906 5907
5909 5938
5909 5924
5909 5915
5909 5914
5909 5911
5909 5910
5913 5914
5917 5924
5917 5920
5917 5918
5922 5924
5922 5923
5926 5938
5926 5934
5926 5928
5926 5927
5930 5934
5932 5934
5933 5934
5936 5938
5937 5938
5940 5955
5940 5949
5940 5941
5943 5949
5943 5948
5943 5947
5945 5947
5951 5955
5951 5952
5954 5955
5957 5965
5957 5960
5957 5958
5962 5965
5962 5964
5963 5964
5967 6034
5967 5974
5968 5974
5970 5974
5970 5971
5973 5974
5976 6034
5977 6034
5977 5991
5977 5990
5977 5981
5977 5979
5978 5979
5983 5990
5983 5989
5983 5986
5984 5986
5985 5986
5988 5989
5993 6034
5993 6008
5993 6003
5993 5996
5995 5996
5998 6003
5998 5999
6001 6003
6005 6008
6006 6008
6010 6034
6010 6011
6013 6034
6013 6024
6013 6019
6013 6016
6015 6016
6018 6019
6021 6024
6023 6024
6026 6034
6027 6034
6027 6029
6031 6034
6033 6034
6036 6065
6036 6045
6036 6037
6039 6045
6039 6043
6039 6042
6041 6042
6047 6065
6047 6062
6047 6053
6049 6053
6049 6051
6055 6062
6055 6058
6057 6058
6060 6062
6061 6062
6064 6065
6067 7264
6067 7093
6067 6248
6067 6158
6067 6119
6067 6071
6067 6068
6070 6071
6073 6119
6073 6104
6073 6095
6073 6094
6073 6078
6073 6074
6076 6078
6076 6077
6080 6094
6080 6083
6081 6083
6081 6082
6085 6094
6085 6086
6088 6094
6088 6093
6089 6093
6091 6093
6091 6092
6097 6104
6097 6101
6097 6099
6098 6099
6103 6104
6106 6119
6106 6107
6109 6119
6109 6115
6109 6112
6109 6111
6109 6110
6114 6115
6117 6119
6117 6118
6121 6158
6121 6127
6121 6124
6123 6124
6126 6127
6129 6158
6129 6138
6129 6136
6131 6136
6133 6136
6135 6136
6140 6158
6140 6151
6140 6145
6140 6144
6142 6144
6142 6143
6147 6151
6148 6151
6148 6150
6149 6150
6153 6158
6155 6158
6156 6158
6156 6157
6160 6248
6160 6218
6160 6212
6160 6162
6161 6162
6164 6212
6164 6174
6164 6170
6164 6167
6164 6165
6169 6170
6172 6174
6176 6212
6176 6182
6176 6181
6176 6180
6176 6177
6179 6180
6184 6212
6184 6200
6184 6185
6187 6200
6189 6200
6189 6190
6192 6200
6192 6195
6194 6195
6197 6200
6198 6200
6202 6212
6202 6203
6205 6212
6205 6207
6205 6206
6209 6212
6209 6210
6214 6218
6214 6217
6216 6217
6220 6248
6220 6244
6220 6235
6220 6222
6221 6222
6224 6235
6224 6229
6224 6226
6224 6225
6228 6229
6231 6235
6231 6233
6232 6233
6237 6244
6237 6242
6237 6241
6239 6241
6246 6248
6246 6247
6250 7093
6250 6379
6250 6268
6250 6259
6250 6257
6251 6257
6251 6255
6251 6254
6251 6253
6251 6252
6261 6268
6261 6264
6263 6264
6266 6268
6270 6379
6270 6319
6272 6319
6273 6319
6273 6296
6273 6289
6273 6282
6273 6277
6274 6277
6276 6277
6279 6282
6279 6281
6284 6289
6284 6287
6284 6285
6291 6296
6291 6292
6294 6296
6298 6319
6298 6302
6298 6301
6299 6301
6304 6319
6304 6310
6305 6310
6305 6308
6306 6308
6307 6308
6312 6319
6312 6316
6312 6313
6315 6316
6318 6319
6321 6379
6321 6356
6321 6336
6321 6328
6321 6326
6323 6326
6324 6326
6324 6325
6330 6336
6330 6332
6331 6332
6334 6336
6338 6356
6339 6356
6339 6345
6339 6340
6342 6345
6342 6343
6347 6356
6347 6354
6347 6352
6349 6352
6350 6352
6350 6351
6358 6379
6358 6377
6358 6369
6358 6360
6359 6360
6362 6369
6362 6368
6362 6363
6365 6368
6366 6368
6367 6368
6371 6377
6371 6376
6371 6372
6374 6376
6381 7093
6381 6409
6381 6390
6381 6383
6382 6383
6385 6390
6385 6388
6385 6387
6385 6386
6392 6409
6392 6408
6392 6395
6393 6395
6397 6408
6397 6401
6399 6401
6403 6408
6405 6408
6407 6408
6411 7093
6411 6851
6411 6580
6411 6419
6412 6419
6413 6419
6413 6417
6413 6416
6414 6416
6414 6415
6421 6580
6421 6506
6421 6431
6423 6431
6423 6425
6423 6424
6427 6431
6427 6429
6428 6429
6433 6506
6433 6460
6433 6455
6433 6439
6433 6434
6436 6439
6438 6439
6441 6455
6442 6455
6442 6447
6443 6447
6444 6447
6446 6447
6449 6455
6451 6455
6451 6452
6454 6455
6457 6460
6459 6460
6462 6506
6462 6468
6462 6464
6462 6463
6466 6468
6467 6468
6470 6506
6470 6486
6470 6476
6470 6472
6471 6472
6474 6476
6475 6476
6478 6486
6478 6480
6478 6479
6482 6486
6482 6485
6482 6484
6483 6484
6488 6506
6488 6504
6488 6496
6489 6496
6491 6496
6491 6494
6493 6494
6498 6504
6498 6501
6498 6499
6503 6504
6508 6580
6508 6524
6508 6509
6511 6524
6511 6519
6512 6519
6512 6513
6515 6519
6515 6516
6518 6519
6521 6524
6521 6522
6526 6580
6526 6560
6526 6552
6526 6534
6526 6532
6526 6530
6528 6530
6529 6530
6536 6552
6536 6549
6536 6539
6536 6538
6537 6538
6541 6549
6541 6544
6543 6544
6546 6549
6546 6548
6547 6548
6551 6552
6554 6560
6554 6556
6554 6555
6558 6560
6558 6559
6562 6580
6562 6574
6562 6566
6564 6566
6565 6566
6568 6574
6568 6573
6568 6571
6569 6571
6569 6570
6576 6580
6576 6579
6578 6579
6582 6851
6582 6696
6582 6596
6582 6595
6582 6591
6582 6586
6582 6585
6582 6583
6588 6591
6590 6591
6593 6595
6593 6594
6598 6696
6598 6632
6598 6627
6598 6605
6598 6603
6599 6603
6601 6603
6601 6602
6607 6627
6607 6610
6608 6610
6609 6610
6612 6627
6614 6627
6614 6620
6614 6616
6615 6616
6618 6620
6618 6619
6622 6627
6623 6627
6623 6625
6629 6632
6631 6632
6634 6696
6634 6687
6634 6662
6634 6658
6634 6647
6634 6645
6634 6642
6634 6641
6634 6639
6635 6639
6635 6636
6638 6639
6644 6645
6649 6658
6649 6657
6649 6655
6649 6651
6653 6655
6654 6655
6660 6662
6664 6687
6664 6683
6666 6683
6666 6674
6666 6667
6669 6674
6669 6672
6670 6672
6676 6683
6676 6680
6676 6677
6679 6680
6682 6683
6685 6687
6685 6686
6689 6696
6689 6692
6689 6691
6689 6690
6694 6696
6698 6851
6698 6823
6698 6703
6698 6699
6701 6703
6705 6823
6705 6735
6705 6730
6705 6726
6705 6718
6705 6709
6706 6709
6707 6709
6711 6718
6713 6718
6713 6717
6714 6717
6716 6717
6720 6726
6720 6721
6723 6726
6723 6725
6728 6730
6732 6735
6732 6734
6733 6734
6737 6823
6737 6764
6737 6754
6737 6742
6739 6742
6740 6742
6740 6741
6744 6754
6744 6752
6745 6752
6745 6748
6747 6748
6750 6752
6751 6752
6756 6764
6756 6759
6756 6758
6757 6758
6761 6764
6761 6762
6766 6823
6766 6777
6766 6774
6766 6768
6767 6768
6770 6774
6771 6774
6772 6774
6776 6777
6779 6823
6779 6797
6779 6781
6783 6797
6783 6792
6785 6792
6786 6792
6788 6792
6788 6791
6788 6790
6794 6797
6795 6797
6796 6797
6799 6823
6799 6800
6802 6823
6802 6810
6803 6810
6803 6809
6803 6806
6805 6806
6808 6809
6812 6823
6812 6814
6812 6813
6816 6823
6816 6819
6816 6818
6821 6823
6822 6823
6825 6851
6825 6831
6825 6827
6826 6827
6829 6831
6833 6851
6835 6851
6836 6851
6836 6848
6836 6841
6836 6839
6836 6837
6843 6848
6843 6847
6843 6844
6846 6847
6850 6851
6853 7093
6853 7041
6853 7036
6853 6987
6853 6856
6853 6854
6858 6987
6858 6889
6858 6881
6858 6871
6858 6868
6858 6867
6858 6865
6858 6862
6858 6861
6858 6859
6864 6865
6870 6871
6873 6881
6873 6879
6875 6879
6875 6878
6875 6876
6883 6889
6883 6888
6885 6888
6886 6888
6891 6987
6891 6933
6891 6895
6892 6895
6894 6895
6897 6933
6899 6933
6899 6918
6899 6906
6900 6906
6900 6901
6903 6906
6904 6906
6905 6906
6908 6918
6908 6910
6909 6910
6912 6918
6912 6914
6912 6913
6916 6918
6916 6917
6920 6933
6920 6927
6920 6924
6920 6923
6922 6923
6926 6927
6929 6933
6929 6930
6932 6933
6935 6987
6935 6979
6935 6970
6935 6966
6937 6966
6937 6939
6938 6939
6941 6966
6941 6949
6941 6942
6944 6949
6944 6947
6945 6947
6946 6947
6951 6966
6951 6963
6952 6963
6954 6963
6954 6961
6954 6957
6954 6955
6959 6961
6959 6960
6965 6966
6968 6970
6969 6970
6972 6979
6974 6979
6975 6979
6976 6979
6976 6977
6981 6987
6983 6987
6983 6984
6986 6987
6989 7036
6989 7019
6989 7005
6989 6999
6989 6995
6989 6990
6992 6995
6994 6995
6997 6999
6997 6998
7001 7005
7003 7005
7007 7019
7008 7019
7008 7017
7008 7009
7011 7017
7011 7016
7012 7016
7013 7016
7014 7016
7015 7016
7021 7036
7021 7025
7021 7022
7024 7025
7027 7036
7027 7029
7031 7036
7031 7035
7031 7033
7031 7032
7038 7041
7040 7041
7043 7093
7043 7073
7043 7071
7043 7057
7043 7052
7043 7045
7044 7045
7047 7052
7048 7052
7048 7050
7054 7057
7054 7055
7059 7071
7059 7063
7059 7060
7062 7063
7065 7071
7065 7068
7065 7066
7070 7071
7075 7093
7075 7084
7077 7084
7077 7083
7077 7080
7077 7078
7082 7083
7086 7093
7086 7089
7087 7089
7087 7088
7091 7093
7095 7264
7095 7206
7095 7191
7095 7186
7095 7126
7095 7113
7095 7097
7099 7113
7101 7113
7101 7103
7105 7113
7106 7113
7106 7107
7109 7113
7109 7111
7109 7110
7115 7126
7115 7125
7115 7119
7115 7117
7116 7117
7121 7125
7121 7124
7121 7122
7128 7186
7128 7152
7128 7139
7128 7133
7128 7131
7128 7130
7129 7130
7135 7139
7135 7136
7138 7139
7141 7152
7141 7150
7141 7147
7141 7145
7141 7143
7142 7143
7149 7150
7154 7186
7154 7166
7154 7159
7154 7156
7154 7155
7158 7159
7161 7166
7161 7165
7161 7163
7162 7163
7168 7186
7169 7186
7169 7178
7171 7178
7173 7178
7175 7178
7176 7178
7180 7186
7182 7186
7183 7186
7184 7186
7188 7191
7188 7190
7193 7206
7193 7205
7193 7194
7196 7205
7196 7203
7198 7203
7198 7202
7198 7200
7198 7199
7208 7264
7208 7234
7208 7220
7208 7216
7210 7216
7210 7214
7210 7211
7213 7214
7218 7220
7222 7234
7222 7230
7222 7229
7223 7229
7223 7227
7225 7227
7225 7226
7232 7234
7236 7264
7236 7262
7236 7252
7236 7238
7236 7237
7240 7252
7242 7252
7244 7252
7244 7246
7244 7245
7248 7252
7248 7249
7251 7252
7254 7262
7254 7259
7254 7255
7257 7259
7257 7258
7261 7262
7266 9189
7266 7973
7266 7321
7266 7318
7266 7307
7266 7303
7266 7289
7266 7270
7266 7268
7267 7268
7272 7289
7272 7285
7272 7278
7272 7273
7275 7278
7276 7278
7276 7277
7280 7285
7280 7284
7281 7284
7281 7283
7282 7283
7287 7289
7288 7289
7291 7303
7291 7299
7291 7298
7291 7293
7292 7293
7295 7298
7296 7298
7296 7297
7301 7303
7302 7303
7305 7307
7309 7318
7309 7312
7311 7312
7314 7318
7314 7316
7320 7321
7323 7973
7323 7836
7323 7352
7323 7333
7323 7331
7323 7325
7324 7325
7327 7331
7329 7331
7335 7352
7335 7340
7335 7338
7335 7336
7342 7352
7343 7352
7343 7351
7343 7345
7347 7351
7347 7349
7348 7349
7354 7836
7354 7362
7354 7361
7355 7361
7355 7358
7356 7358
7356 7357
7360 7361
7364 7836
7364 7791
7364 7401
7364 7381
7364 7378
7365 7378
7365 7366
7368 7378
7368 7372
7368 7371
7369 7371
7374 7378
7376 7378
7377 7378
7380 7381
7383 7401
7383 7396
7384 7396
7385 7396
7386 7396
7386 7393
7386 7390
7388 7390
7388 7389
7392 7393
7395 7396
7398 7401
7398 7400
7399 7400
7403 7791
7403 7445
7403 7418
7403 7412
7403 7404
7406 7412
7406 7410
7406 7407
7409 7410
7414 7418
7414 7415
7417 7418
7420 7445
7420 7443
7420 7427
7420 7422
7424 7427
7426 7427
7429 7443
7431 7443
7431 7441
7431 7435
7432 7435
7432 7433
7437 7441
7438 7441
7439 7441
7447 7791
7447 7699
7447 7618
7447 7510
7447 7456
7447 7450
7449 7450
7452 7456
7453 7456
7455 7456
7458 7510
7458 7503
7458 7459
7461 7503
7461 7471
7461 7463
7461 7462
7465 7471
7465 7468
7467 7468
7470 7471
7473 7503
7473 7493
7474 7493
7474 7484
7474 7478
7474 7477
7474 7476
7480 7484
7480 7483
7482 7483
7486 7493
7486 7489
7486 7488
7491 7493
7495 7503
7495 7501
7496 7501
7496 7498
7496 7497
7500 7501
7505 7510
7505 7509
7506 7509
7508 7509
7512 7618
7512 7549
7512 7524
7512 7522
7512 7520
7512 7517
7512 7516
7513 7516
7514 7516
7515 7516
7519 7520
7526 7549
7526 7535
7528 7535
7528 7530
7532 7535
7532 7534
7533 7534
7537 7549
7537 7548
7537 7544
7538 7544
7538 7539
7541 7544
7543 7544
7546 7548
7547 7548
7551 7618
7551 7608
7551 7565
7551 7558
7551 7556
7551 7554
7551 7552
7560 7565
7562 7565
7562 7564
7562 7563
7567 7608
7567 7592
7567 7568
7570 7592
7570 7583
7570 7572
7571 7572
7574 7583
7574 7581
7574 7577
7576 7577
7579 7581
7579 7580
7585 7592
7585 7588
7585 7586
7590 7592
7590 7591
7594 7608
7594 7601
7594 7597
7594 7595
7599 7601
7600 7601
7603 7608
7603 7606
7603 7604
7610 7618
7610 7617
7610 7615
7610 7614
7610 7611
7613 7614
7620 7699
7620 7648
7620 7628
7620 7621
7623 7628
7624 7628
7624 7625
7627 7628
7630 7648
7630 7633
7632 7633
7635 7648
7635 7639
7635 7636
7638 7639
7641 7648
7641 7647
7641 7646
7641 7644
7642 7644
7643 7644
7650 7699
7650 7676
7650 7666
7650 7660
7650 7656
7650 7654
7652 7654
7653 7654
7658 7660
7662 7666
7662 7663
7665 7666
7668 7676
7668 7669
7671 7676
7672 7676
7672 7675
7673 7675
7674 7675
7678 7699
7678 7686
7678 7680
7678 7679
7682 7686
7682 7683
7685 7686
7688 7699
7688 7692
7688 7691
7688 7689
7694 7699
7695 7699
7696 7699
7698 7699
7701 7791
7701 7732
7701 7729
7701 7722
7701 7716
7701 7709
7703 7709
7703 7705
7703 7704
7707 7709
7711 7716
7711 7713
7711 7712
7715 7716
7718 7722
7718 7720
7718 7719
7724 7729
7724 7726
7724 7725
7728 7729
7731 7732
7734 7791
7734 7757
7734 7754
7734 7744
7734 7742
7734 7739
7736 7739
7738 7739
7741 7742
7746 7754
7746 7751
7746 7747
7749 7751
7750 7751
7753 7754
7756 7757
7759 7791
7759 7771
7759 7768
7759 7765
7759 7763
7759 7760
7762 7763
7767 7768
7770 7771
7773 7791
7773 7780
7773 7775
7777 7780
7777 7779
7777 7778
7782 7791
7783 7791
7784 7791
7785 7791
7785 7789
7785 7788
7787 7788
7793 7836
7793 7818
7793 7807
7793 7794
7796 7807
7796 7803
7796 7797
7799 7803
7799 7801
7800 7801
7805 7807
7805 7806
7809 7818
7809 7811
7810 7811
7813 7818
7813 7814
7816 7818
7816 7817
7820 7836
7820 7833
7820 7832
7821 7832
7821 7827
7821 7826
7821 7823
7822 7823
7825 7826
7829 7832
7831 7832
7835 7836
7838 7973
7838 7953
7838 7898
7838 7843
7839 7843
7839 7842
7839 7841
7840 7841
7845 7898
7845 7895
7845 7850
7845 7847
7846 7847
7849 7850
7852 7895
7852 7894
7852 7879
7852 7866
7852 7857
7852 7854
7852 7853
7856 7857
7859 7866
7860 7866
7860 7865
7861 7865
7862 7865
7862 7863
7868 7879
7868 7869
7871 7879
7871 7874
7872 7874
7873 7874
7876 7879
7876 7877
7881 7894
7881 7892
7881 7888
7881 7884
7882 7884
7886 7888
7890 7892
7897 7898
7900 7953
7902 7953
7902 7908
7904 7908
7906 7908
7906 7907
7910 7953
7910 7923
7910 7915
7911 7915
7913 7915
7917 7923
7917 7920
7919 7920
7922 7923
7925 7953
7925 7937
7925 7929
7927 7929
7927 7928
7931 7937
7931 7936
7931 7934
7931 7933
7931 7932
7939 7953
7939 7947
7939 7940
7942 7947
7944 7947
7944 7945
7949 7953
7949 7951
7955 7973
7955 7963
7955 7961
7955 7960
7955 7958
7956 7958
7965 7973
7965 7970
7966 7970
7967 7970
7967 7969
7972 7973
7975 9189
7975 8300
7977 8300
7977 8205
7977 8001
7977 7996
7977 7993
7977 7982
7977 7979
7978 7979
7981 7982
7984 7993
7986 7993
7986 7990
7986 7988
7992 7993
7995 7996
7998 8001
7999 8001
7999 8000
8003 8205
8003 8028
8003 8006
8004 8006
8004 8005
8008 8028
8008 8026
8008 8010
8008 8009
8012 8026
8012 8016
8014 8016
8018 8026
8018 8022
8018 8019
8021 8022
8024 8026
8030 8205
8030 8059
8030 8051
8030 8040
8030 8035
8030 8034
8030 8032
8037 8040
8039 8040
8042 8051
8043 8051
8043 8050
8043 8048
8043 8047
8043 8044
8046 8047
8053 8059
8053 8054
8056 8059
8058 8059
8061 8205
8061 8190
8061 8104
8061 8093
8061 8081
8062 8081
8062 8066
8063 8066
8064 8066
8068 8081
8068 8076
8070 8076
8070 8071
8073 8076
8073 8074
8078 8081
8078 8079
8083 8093
8083 8092
8085 8092
8086 8092
8088 8092
8090 8092
8091 8092
8095 8104
8095 8097
8096 8097
8099 8104
8099 8100
8102 8104
8103 8104
8106 8190
8106 8175
8106 8143
8106 8110
8106 8108
8106 8107
8112 8143
8112 8138
8112 8130
8112 8122
8112 8115
8113 8115
8117 8122
8117 8118
8120 8122
8120 8121
8124 8130
8124 8126
8128 8130
8128 8129
8132 8138
8134 8138
8134 8135
8137 8138
8140 8143
8140 8142
8141 8142
8145 8175
8145 8170
8145 8164
8145 8153
8145 8149
8145 8147
8146 8147
8151 8153
8151 8152
8155 8164
8155 8160
8155 8159
8157 8159
8162 8164
8163 8164
8166 8170
8167 8170
8167 8168
8172 8175
8173 8175
8177 8190
8177 8179
8178 8179
8181 8190
8181 8183
8185 8190
8185 8188
8187 8188
8192 8205
8192 8195
8194 8195
8197 8205
8199 8205
8199 8204
8200 8204
8202 8204
8203 8204
8207 8300
8207 8253
8207 8237
8207 8222
8207 8216
8207 8215
8207 8211
8207 8208
8210 8211
8213 8215
8213 8214
8218 8222
8218 8220
8224 8237
8224 8233
8225 8233
8225 8232
8225 8229
8227 8229
8228 8229
8231 8232
8235 8237
8236 8237
8239 8253
8239 8249
8239 8247
8239 8241
8239 8240
8243 8247
8244 8247
8244 8245
8251 8253
8255 8300
8255 8295
8255 8266
8255 8258
8257 8258
8260 8266
8261 8266
8261 8265
8263 8265
8263 8264
8268 8295
8268 8272
8268 8270
8274 8295
8274 8294
8274 8277
8275 8277
8276 8277
8279 8294
8279 8284
8281 8284
8283 8284
8286 8294
8286 8289
8288 8289
8291 8294
8293 8294
8297 8300
8297 8298
8302 9189
8302 9013
8302 8638
8302 8306
8302 8304
8303 8304
8308 8638
8308 8619
8308 8529
8308 8400
8308 8314
8308 8309
8311 8314
8313 8314
8316 8400
8316 8363
8316 8329
8316 8328
8318 8328
8320 8328
8320 8323
8321 8323
8321 8322
8325 8328
8325 8327
8331 8363
8331 8332
8334 8363
8334 8354
8334 8344
8334 8336
8338 8344
8338 8341
8340 8341
8343 8344
8346 8354
8346 8349
8348 8349
8351 8354
8352 8354
8356 8363
8356 8359
8356 8358
8357 8358
8361 8363
8362 8363
8365 8400
8365 8370
8365 8366
8368 8370
8372 8400
8372 8375
8372 8373
8377 8400
8377 8384
8377 8382
8377 8379
8378 8379
8381 8382
8386 8400
8386 8392
8386 8388
8386 8387
8390 8392
8394 8400
8394 8395
8397 8400
8397 8398
8402 8529
8402 8519
8402 8468
8402 8409
8402 8403
8405 8409
8405 8407
8406 8407
8411 8468
8411 8442
8411 8427
8411 8416
8411 8415
8412 8415
8414 8415
8418 8427
8420 8427
8422 8427
8424 8427
8425 8427
8425 8426
8429 8442
8429 8434
8429 8430
8432 8434
8432 8433
8436 8442
8436 8437
8439 8442
8439 8441
8444 8468
8444 8453
8444 8446
8444 8445
8448 8453
8448 8450
8452 8453
8455 8468
8455 8461
8455 8456
8458 8461
8458 8459
8463 8468
8463 8465
8467 8468
8470 8519
8470 8507
8470 8497
8470 8494
8470 8484
8470 8476
8470 8475
8472 8475
8472 8474
8478 8484
8478 8482
8478 8479
8481 8482
8486 8494
8487 8494
8487 8491
8487 8490
8489 8490
8493 8494
8496 8497
8499 8507
8499 8504
8500 8504
8500 8503
8500 8501
8506 8507
8509 8519
8509 8518
8509 8516
8509 8512
8509 8510
8514 8516
8515 8516
8521 8529
8522 8529
8522 8525
8524 8525
8527 8529
8528 8529
8531 8619
8531 8605
8531 8549
8531 8538
8531 8533
8531 8532
8535 8538
8535 8537
8540 8549
8540 8546
8541 8546
8541 8542
8544 8546
8544 8545
8548 8549
8551 8605
8551 8570
8552 8570
8554 8570
8554 8569
8554 8557
8556 8557
8559 8569
8560 8569
8561 8569
8561 8566
8561 8565
8561 8564
8561 8562
8568 8569
8572 8605
8572 8601
8572 8575
8574 8575
8577 8601
8577 8598
8577 8595
8577 8589
8577 8586
8577 8578
8580 8586
8580 8582
8580 8581
8584 8586
8584 8585
8588 8589
8591 8595
8591 8593
8592 8593
8597 8598
8600 8601
8603 8605
8603 8604
8607 8619
8607 8610
8607 8609
8607 8608
8612 8619
8612 8613
8615 8619
8616 8619
8616 8618
8621 8638
8621 8635
8621 8630
8621 8628
8621 8622
8624 8628
8624 8626
8625 8626
8632 8635
8632 8634
8633 8634
8637 8638
8640 9013
8640 8829
8640 8753
8640 8722
8640 8716
8640 8676
8640 8669
8640 8656
8640 8643
8640 8642
8645 8656
8645 8655
8645 8652
8645 8647
8649 8652
8649 8650
8654 8655
8658 8669
8658 8664
8659 8664
8659 8663
8659 8661
8659 8660
8666 8669
8666 8668
8667 8668
8671 8676
8671 8675
8671 8673
8671 8672
8678 8716
8678 8687
8678 8683
8678 8682
8678 8680
8685 8687
8689 8716
8689 8693
8689 8692
8689 8691
8689 8690
8695 8716
8695 8709
8697 8709
8697 8708
8697 8706
8697 8700
8698 8700
8699 8700
8702 8706
8704 8706
8711 8716
8711 8715
8712 8715
8712 8713
8718 8722
8718 8719
8721 8722
8724 8753
8724 8740
8724 8734
8724 8725
8727 8734
8728 8734
8730 8734
8732 8734
8733 8734
8736 8740
8736 8739
8736 8738
8742 8753
8742 8750
8742 8745
8742 8744
8743 8744
8747 8750
8749 8750
8752 8753
8755 8829
8755 8824
8755 8796
8755 8766
8755 8765
8755 8761
8755 8757
8755 8756
8759 8761
8763 8765
8763 8764
8768 8796
8768 8769
8771 8796
8771 8778
8771 8772
8774 8778
8774 8777
8776 8777
8780 8796
8780 8795
8780 8788
8780 8781
8783 8788
8784 8788
8785 8788
8786 8788
8786 8787
8790 8795
8790 8792
8790 8791
8794 8795
8798 8824
8798 8815
8798 8806
8798 8801
8800 8801
8803 8806
8805 8806
8808 8815
8809 8815
8809 8810
8812 8815
8812 8813
8817 8824
8817 8822
8817 8819
8818 8819
8821 8822
8826 8829
8826 8828
8831 9013
8831 8907
8831 8851
8833 8851
8833 8841
8835 8841
8835 8837
8836 8837
8839 8841
8840 8841
8843 8851
8843 8846
8845 8846
8848 8851
8848 8850
8848 8849
8853 8907
8853 8857
8853 8855
8854 8855
8859 8907
8859 8868
8859 8860
8862 8868
8862 8864
8862 8863
8866 8868
8870 8907
8870 8881
8872 8881
8872 8878
8872 8874
8876 8878
8876 8877
8880 8881
8883 8907
8883 8894
8883 8891
8883 8884
8886 8891
8887 8891
8887 8888
8890 8891
8893 8894
8896 8907
8896 8906
8896 8900
8898 8900
8899 8900
8902 8906
8902 8904
8902 8903
8909 9013
8909 8957
8909 8913
8910 8913
8912 8913
8915 8957
8915 8955
8915 8942
8915 8941
8917 8941
8917 8930
8917 8929
8917 8918
8920 8929
8920 8924
8920 8922
8926 8929
8927 8929
8932 8941
8932 8933
8935 8941
8935 8936
8938 8941
8939 8941
8944 8955
8946 8955
8946 8948
8950 8955
8950 8952
8954 8955
8959 9013
8959 8985
8959 8964
8961 8964
8961 8962
8966 8985
8966 8982
8966 8973
8966 8970
8966 8967
8969 8970
8972 8973
8975 8982
8975 8980
8976 8980
8976 8979
8976 8978
8984 8985
8987 9013
8987 8989
8991 9013
8991 8992
8994 9013
8994 9010
8994 9003
8994 8998
8994 8997
8994 8996
8995 8996
9000 9003
9000 9002
9000 9001
9005 9010
9006 9010
9008 9010
9008 9009
9012 9013
9015 9189
9015 9130
9015 9024
9015 9023
9015 9020
9017 9020
9018 9020
9022 9023
9026 9130
9026 9105
9026 9079
9026 9052
9026 9039
9026 9038
9026 9027
9029 9038
9029 9034
9029 9033
9030 9033
9030 9032
9036 9038
9036 9037
9041 9052
9041 9046
9041 9043
9042 9043
9045 9046
9048 9052
9050 9052
9054 9079
9054 9077
9054 9070
9054 9064
9054 9061
9054 9059
9054 9055
9057 9059
9058 9059
9063 9064
9066 9070
9066 9068
9067 9068
9072 9077
9073 9077
9073 9075
9081 9105
9081 9087
9081 9085
9082 9085
9082 9084
9089 9105
9089 9103
9089 9098
9089 9092
9090 9092
9094 9098
9094 9097
9095 9097
9095 9096
9100 9103
9100 9102
9100 9101
9107 9130
9107 9118
9107 9114
9107 9109
9108 9109
9111 9114
9113 9114
9116 9118
9116 9117
9120 9130
9120 9128
9120 9127
9121 9127
9121 9122
9124 9127
9125 9127
9126 9127
9132 9189
9132 9135
9132 9134
9132 9133
9137 9189
9137 9174
9137 9145
9137 9138
9140 9145
9140 9141
9143 9145
9144 9145
9147 9174
9147 9167
9148 9167
9148 9154
9148 9149
9151 9154
9152 9154
9156 9167
9156 9162
9156 9157
9159 9162
9159 9160
9164 9167
9164 9166
9169 9174
9169 9172
9169 9170
9176 9189
9176 9177
9179 9189
9179 9186
9179 9185
9179 9184
9179 9182
9180 9182
9181 9182
9188 9189
9191 9267
9191 9244
9191 9217
9191 9194
9191 9192
9196 9217
9196 9208
9196 9206
9196 9198
9200 9206
9200 9204
9200 9201
9203 9204
9210 9217
9210 9216
9211 9216
9211 9213
9215 9216
9219 9244
9219 9236
9219 9228
9219 9224
9219 9223
9221 9223
9226 9228
9226 9227
9230 9236
9231 9236
9233 9236
9235 9236
9238 9244
9238 9241
9240 9241
9243 9244
9246 9267
9246 9258
9246 9255
9246 9253
9246 9247
9249 9253
9249 9252
9249 9250
9257 9258
9260 9267
9260 9266
9261 9266
9261 9265
9262 9265
9262 9264
9269 9999
9269 9831
9269 9729
9269 9488
9269 9446
9269 9379
9269 9341
9269 9337
9269 9328
9269 9300
9269 9281
9269 9277
9269 9270
9272 9277
9274 9277
9276 9277
9279 9281
9279 9280
9283 9300
9283 9295
9283 9291
9283 9289
9284 9289
9284 9286
9288 9289
9293 9295
9294 9295
9297 9300
9297 9299
9298 9299
9302 9328
9302 9320
9302 9312
9304 9312
9304 9310
9304 9306
9308 9310
9308 9309
9314 9320
9314 9317
9314 9316
9319 9320
9322 9328
9324 9328
9326 9328
9330 9337
9330 9335
9331 9335
9331 9334
9332 9334
9339 9341
9339 9340
9343 9379
9343 9347
9343 9344
9346 9347
9349 9379
9349 9368
9349 9361
9349 9353
9349 9352
9349 9351
9355 9361
9356 9361
9356 9357
9359 9361
9359 9360
9363 9368
9363 9367
9365 9367
9366 9367
9370 9379
9370 9373
9370 9371
9375 9379
9377 9379
9378 9379
9381 9446
9381 9396
9381 9390
9381 9384
9381 9383
9381 9382
9386 9390
9386 9387
9389 9390
9392 9396
9392 9393
9395 9396
9398 9446
9398 9414
9398 9412
9398 9408
9400 9408
9400 9402
9404 9408
9404 9406
9405 9406
9410 9412
9410 9411
9416 9446
9416 9432
9416 9426
9416 9418
9416 9417
9420 9426
9420 9421
9423 9426
9423 9424
9428 9432
9428 9431
9428 9429
9434 9446
9435 9446
9435 9445
9435 9443
9435 9442
9435 9436
9438 9442
9438 9441
9438 9439
9448 9488
9448 9480
9448 9452
9450 9452
9451 9452
9454 9480
9454 9466
9456 9466
9456 9464
9456 9457
9459 9464
9459 9462
9460 9462
9468 9480
9468 9470
9472 9480
9472 9475
9473 9475
9474 9475
9477 9480
9477 9478
9482 9488
9482 9487
9482 9486
9483 9486
9484 9486
9485 9486
9490 9729
9490 9512
9490 9492
9494 9512
9495 9512
9495 9500
9495 9496
9498 9500
9498 9499
9502 9512
9502 9505
9502 9504
9503 9504
9507 9512
9507 9509
9507 9508
9511 9512
9514 9729
9514 9554
9515 9554
9515 9538
9515 9517
9519 9538
9519 9524
9521 9524
9522 9524
9526 9538
9526 9534
9526 9532
9526 9527
9529 9532
9530 9532
9531 9532
9536 9538
9536 9537
9540 9554
9540 9547
9540 9545
9540 9543
9540 9541
9549 9554
9550 9554
9550 9551
9553 9554
9556 9729
9556 9644
9556 9601
9556 9559
9558 9559
9561 9601
9561 9597
9561 9569
9561 9568
9562 9568
9562 9564
9566 9568
9566 9567
9571 9597
9571 9576
9571 9572
9574 9576
9575 9576
9578 9597
9578 9593
9578 9583
9578 9580
9582 9583
9585 9593
9585 9592
9585 9590
9586 9590
9586 9587
9589 9590
9595 9597
9599 9601
9600 9601
9603 9644
9603 9622
9604 9622
9604 9612
9604 9609
9604 9607
9604 9605
9611 9612
9614 9622
9616 9622
9617 9622
9619 9622
9619 9621
9620 9621
9624 9644
9624 9633
9624 9631
9624 9625
9627 9631
9629 9631
9635 9644
9635 9643
9635 9637
9639 9643
9639 9641
9646 9729
9646 9686
9646 9665
9646 9648
9647 9648
9650 9665
9652 9665
9652 9660
9652 9653
9655 9660
9655 9656
9658 9660
9658 9659
9662 9665
9662 9663
9667 9686
9667 9681
9667 9670
9669 9670
9672 9681
9672 9674
9672 9673
9676 9681
9676 9678
9680 9681
9683 9686
9683 9684
9688 9729
9688 9695
9688 9690
9689 9690
9692 9695
9692 9694
9697 9729
9697 9726
9697 9708
9697 9701
9698 9701
9699 9701
9700 9701
9703 9708
9705 9708
9705 9707
9710 9726
9710 9724
9710 9713
9711 9713
9711 9712
9715 9724
9715 9718
9716 9718
9717 9718
9720 9724
9720 9721
9723 9724
9728 9729
9731 9831
9731 9782
9731 9773
9731 9735
9733 9735
9733 9734
9737 9773
9737 9745
9737 9740
9739 9740
9742 9745
9742 9744
9743 9744
9747 9773
9747 9771
9747 9752
9747 9749
9748 9749
9751 9752
9754 9771
9754 9765
9754 9758
9755 9758
9755 9757
9756 9757
9760 9765
9762 9765
9762 9763
9767 9771
9769 9771
9775 9782
9777 9782
9777 9779
9777 9778
9781 9782
9784 9831
9784 9790
9784 9787
9784 9785
9789 9790
9792 9831
9792 9808
9792 9807
9792 9804
9792 9795
9794 9795
9797 9804
9797 9799
9798 9799
9801 9804
9801 9803
9802 9803
9806 9807
9810 9831
9810 9830
9812 9830
9812 9819
9812 9815
9812 9813
9817 9819
9818 9819
9821 9830
9821 9829
9822 9829
9824 9829
9824 9825
9827 9829
9828 9829
9833 9999
9833 9869
9833 9847
9833 9845
9833 9839
9833 9836
9833 9834
9838 9839
9841 9845
9842 9845
9844 9845
9849 9869
9849 9852
9849 9851
9854 9869
9854 9856
9855 9856
9858 9869
9858 9861
9859 9861
9863 9869
9863 9867
9863 9866
9864 9866
9864 9865
9871 9999
9871 9987
9871 9926
9871 9908
9871 9891
9871 9878
9871 9877
9871 9876
9873 9876
9874 9876
9875 9876
9880 9891
9880 9888
9880 9887
9880 9884
9882 9884
9882 9883
9886 9887
9890 9891
9893 9908
9893 9906
9895 9906
9895 9904
9895 9902
9895 9898
9897 9898
9900 9902
9901 9902
9910 9926
9910 9917
9910 9915
9911 9915
9911 9912
9914 9915
9919 9926
9919 9925
9920 9925
9920 9922
9921 9922
9924 9925
9928 9987
9928 9952
9928 9947
9928 9942
9928 9935
9928 9934
9928 9929
9931 9934
9932 9934
9937 9942
9937 9939
9937 9938
9941 9942
9944 9947
9946 9947
9949 9952
9949 9951
9950 9951
9954 9987
9954 9956
9958 9987
9958 9981
9958 9979
9960 9979
9960 9963
9960 9961
9965 9979
9965 9973
9967 9973
9969 9973
9969 9970
9972 9973
9975 9979
9977 9979
9977 9978
9983 9987
9983 9984
9986 9987
9989 9999
9990 9999
9992 9999
9992 9993
9995 9999
9995 9998
9995 9997
9996 9997

No of comparisons: 164123

